2 50 2
492
492
1 20 86 10
2 100 18 27
3 11 73 21
4 50 40 15
5 49 80 11
6 79 77 15
7 43 86 1
8 74 33 25
9 0 83 15
10 92 45 6
11 3 7 29
12 31 81 18
13 19 96 20
14 90 93 8
15 88 22 12
16 83 92 13
17 98 57 15
18 44 97 25
19 54 38 24
20 11 84 25
21 97 18 3
22 36 51 8
23 79 94 2
24 27 87 7
25 94 92 26
26 36 20 14
27 56 42 4
28 6 64 23
29 45 46 28
30 13 86 30
31 22 17 16
32 6 7 8
33 88 42 10
34 47 55 27
35 24 15 24
36 51 8 27
37 44 82 20
38 36 0 12
39 86 1 21
40 21 85 16
41 1 86 12
42 8 6 10
43 39 20 13
44 89 60 8
45 52 51 9
46 21 65 28
47 71 85 6
48 52 22 24
49 69 12 30
50 8 56 19
51 80 100
52 66 96
