3 80 3
507
507
507
1 89 3 18
2 75 41 13
3 36 67 24
4 36 59 22
5 87 78 15
6 19 99 6
7 7 74 10
8 83 67 19
9 49 3 11
10 11 44 26
11 99 22 5
12 59 18 19
13 11 83 25
14 21 86 6
15 80 93 21
16 97 73 10
17 66 23 8
18 26 38 23
19 40 59 6
20 94 97 11
21 54 95 7
22 70 68 29
23 84 88 24
24 58 50 8
25 22 10 26
26 48 74 12
27 10 28 1
28 89 66 10
29 61 26 9
30 64 10 2
31 41 35 8
32 4 0 17
33 13 0 22
34 14 95 2
35 23 74 12
36 64 43 5
37 14 38 18
38 95 5 14
39 74 29 10
40 80 54 30
41 47 0 19
42 45 53 11
43 39 31 28
44 79 4 7
45 50 96 10
46 72 47 24
47 20 46 27
48 40 1 26
49 63 11 26
50 10 75 28
51 78 82 25
52 53 89 8
53 24 82 27
54 69 42 25
55 31 16 6
56 64 84 21
57 37 94 5
58 76 45 12
59 27 83 29
60 65 25 5
61 15 5 13
62 8 41 9
63 33 84 27
64 12 49 7
65 52 45 20
66 5 94 29
67 68 82 28
68 0 96 3
69 64 95 1
70 25 100 17
71 85 86 25
72 11 12 28
73 93 56 15
74 6 71 26
75 67 53 9
76 66 38 7
77 42 13 15
78 42 70 1
79 91 97 28
80 42 42 29
81 85 40
82 68 91
83 33 35
