5 120 5
1000
1000
1000
1000
1000
1 34 74 2
2 92 47 13
3 63 64 23
4 30 78 10
5 89 94 17
6 80 6 6
7 77 60 13
8 70 26 6
9 80 38 5
10 15 32 21
11 19 33 30
12 21 9 4
13 26 44 3
14 79 52 9
15 43 81 23
16 88 42 24
17 73 46 27
18 80 22 9
19 72 93 7
20 35 62 24
21 13 2 30
22 12 35 27
23 29 35 4
24 22 40 22
25 87 88 5
26 71 80 11
27 80 64 4
28 42 23 20
29 49 77 21
30 95 8 21
31 45 49 3
32 68 69 3
33 92 43 5
34 37 53 13
35 55 80 6
36 82 41 28
37 74 46 7
38 36 43 13
39 63 38 11
40 40 63 23
41 38 27 3
42 99 61 27
43 5 45 25
44 19 78 5
45 6 65 18
46 54 100 10
47 97 47 15
48 60 16 13
49 91 43 1
50 6 31 12
51 55 84 18
52 38 25 17
53 13 53 14
54 76 50 28
55 16 76 26
56 60 74 29
57 32 37 17
58 45 59 17
59 54 32 30
60 97 25 17
61 43 18 14
62 65 33 27
63 50 71 1
64 87 23 15
65 56 85 3
66 66 98 10
67 97 74 15
68 94 26 21
69 57 18 8
70 25 32 30
71 83 18 13
72 41 13 11
73 2 11 10
74 49 28 27
75 31 71 10
76 0 36 13
77 10 9 20
78 81 99 24
79 19 60 20
80 77 51 15
81 64 76 28
82 73 6 6
83 83 95 10
84 3 87 13
85 15 23 2
86 43 79 14
87 43 21 17
88 95 96 8
89 31 21 12
90 81 60 19
91 79 19 6
92 9 77 25
93 22 86 11
94 70 69 10
95 65 45 29
96 58 20 15
97 95 40 18
98 100 5 24
99 57 46 22
100 81 19 18
101 20 54 8
102 44 47 21
103 72 91 2
104 71 54 15
105 3 89 27
106 15 94 8
107 88 14 23
108 22 78 3
109 45 33 15
110 76 92 18
111 65 28 19
112 29 85 10
113 0 18 24
114 42 93 15
115 90 11 5
116 98 69 17
117 47 32 28
118 62 33 24
119 78 12 4
120 41 90 21
121 27 40
122 85 98
123 12 32
124 47 50
125 120 5