2 100 2
841
841
1 35 7 11
2 85 41 9
3 89 44 22
4 83 5 20
5 94 20 19
6 59 71 3
7 95 82 17
8 37 96 21
9 21 10 15
10 74 53 15
11 73 33 23
12 50 60 13
13 20 54 13
14 93 20 27
15 0 54 20
16 99 52 24
17 27 92 13
18 94 11 2
19 71 43 23
20 23 3 2
21 88 97 2
22 75 32 12
23 90 23 26
24 98 30 17
25 26 14 24
26 26 26 3
27 6 41 13
28 82 63 5
29 26 13 1
30 80 46 13
31 2 72 7
32 38 16 10
33 13 91 13
34 34 51 19
35 59 78 7
36 48 49 3
37 18 97 30
38 44 73 30
39 21 79 4
40 62 59 21
41 85 93 21
42 2 67 21
43 8 64 23
44 10 20 1
45 52 42 27
46 87 3 30
47 32 30 6
48 48 57 17
49 71 43 8
50 98 45 27
51 65 16 15
52 17 64 18
53 48 81 5
54 79 100 12
55 18 25 10
56 8 34 26
57 49 37 13
58 4 33 4
59 62 66 11
60 23 26 2
61 92 63 30
62 23 25 19
63 79 88 8
64 88 34 7
65 18 58 16
66 23 55 23
67 88 30 3
68 43 25 6
69 28 73 2
70 37 87 26
71 76 99 27
72 63 45 20
73 3 90 6
74 24 54 10
75 80 94 30
76 88 40 23
77 98 53 2
78 49 92 22
79 53 10 1
80 27 20 1
81 72 71 9
82 30 29 6
83 68 29 9
84 11 11 1
85 43 28 28
86 42 13 25
87 7 34 2
88 41 64 30
89 66 16 20
90 36 20 15
91 32 32 15
92 28 69 6
93 76 7 3
94 2 67 11
95 22 10 7
96 29 58 27
97 41 21 16
98 86 77 4
99 11 93 6
100 43 67 11
101 82 14
102 32 30
