5 199 5
758
758
758
758
758
1 68 63 4
2 11 44 26
3 72 82 27
4 29 15 8
5 40 84 28
6 29 68 16
7 5 56 25
8 65 16 1
9 45 29 18
10 79 77 26
11 99 51 9
12 58 19 16
13 83 5 28
14 22 48 25
15 45 59 4
16 62 44 28
17 18 97 4
18 89 96 30
19 40 92 25
20 55 84 30
21 49 3 30
22 65 26 20
23 24 11 18
24 96 22 12
25 33 94 2
26 12 95 21
27 98 37 4
28 54 23 19
29 88 4 21
30 13 63 28
31 13 90 1
32 14 11 18
33 89 63 21
34 16 44 23
35 23 57 5
36 80 61 10
37 38 55 15
38 47 70 16
39 0 36 22
40 31 90 29
41 20 37 16
42 0 80 8
43 7 14 9
44 98 56 7
45 100 33 18
46 4 71 20
47 17 68 23
48 25 27 5
49 33 0 29
50 21 89 27
51 19 50 20
52 97 19 17
53 61 31 17
54 90 68 21
55 43 21 27
56 69 34 7
57 97 99 2
58 38 86 7
59 96 17 25
60 31 68 27
61 80 22 2
62 68 13 21
63 89 70 11
64 19 88 23
65 16 44 29
66 96 7 2
67 61 31 9
68 66 15 2
69 79 41 13
70 73 64 25
71 44 67 16
72 35 34 3
73 25 59 7
74 52 68 7
75 79 49 25
76 17 61 3
77 87 27 29
78 17 12 13
79 36 57 14
80 25 70 21
81 23 82 7
82 75 34 3
83 15 19 14
84 2 16 11
85 6 63 17
86 86 19 28
87 86 28 17
88 49 77 21
89 43 90 2
90 11 56 17
91 27 72 24
92 41 53 4
93 86 86 12
94 61 0 8
95 70 74 18
96 65 58 10
97 27 68 10
98 53 67 18
99 71 19 23
100 53 34 25
101 62 74 18
102 33 8 13
103 9 5 28
104 68 42 19
105 10 50 21
106 37 64 2
107 94 10 5
108 20 59 5
109 83 64 4
110 54 74 27
111 23 84 18
112 81 23 13
113 29 64 17
114 23 68 6
115 38 30 29
116 69 23 13
117 27 27 22
118 78 24 15
119 97 34 9
120 81 28 24
121 63 29 27
122 27 61 30
123 5 90 11
124 100 73 21
125 67 39 25
126 11 22 26
127 92 45 8
128 2 7 20
129 79 100 6
130 4 41 5
131 85 33 29
132 100 6 27
133 22 88 9
134 94 81 15
135 53 72 22
136 60 82 9
137 46 24 16
138 52 6 17
139 51 86 15
140 12 45 19
141 30 74 28
142 59 76 8
143 21 20 17
144 63 23 13
145 45 60 4
146 54 21 13
147 63 60 14
148 54 35 12
149 18 7 6
150 85 35 12
151 99 23 21
152 11 26 7
153 64 18 7
154 5 58 10
155 52 87 9
156 76 30 28
157 90 11 16
158 93 80 11
159 9 95 7
160 31 19 16
161 5 74 24
162 37 38 25
163 10 23 12
164 7 99 13
165 21 83 6
166 13 94 9
167 29 1 15
168 5 97 14
169 47 42 30
170 92 8 10
171 45 99 11
172 23 30 3
173 83 71 11
174 6 18 9
175 18 33 13
176 28 69 13
177 40 5 23
178 6 9 9
179 34 14 19
180 96 55 27
181 75 77 22
182 71 48 21
183 89 20 8
184 43 18 13
185 45 3 22
186 20 52 29
187 68 4 17
188 32 94 19
189 86 11 19
190 29 52 20
191 93 32 10
192 74 18 26
193 86 19 3
194 47 75 18
195 59 94 30
196 99 46 2
197 17 32 27
198 45 85 20
199 29 59 7
200 73 27
201 97 12
202 97 51
203 92 13
204 67 26
