2 75 2
669
669
1 40 86 15
2 20 81 25
3 90 93 9
4 33 75 15
5 1 36 7
6 17 6 6
7 77 9 8
8 23 72 2
9 7 13 13
10 75 47 22
11 27 94 22
12 9 31 8
13 51 3 21
14 100 66 7
15 6 76 23
16 17 45 26
17 75 95 4
18 7 71 1
19 9 17 15
20 84 68 5
21 39 77 1
22 32 67 11
23 63 47 27
24 76 79 3
25 1 54 17
26 45 29 16
27 39 87 6
28 11 44 14
29 59 56 23
30 52 24 21
31 66 65 29
32 14 86 1
33 40 54 16
34 1 86 15
35 100 99 24
36 33 41 14
37 77 31 17
38 55 77 16
39 32 72 15
40 23 100 12
41 94 89 17
42 15 43 15
43 27 9 21
44 37 88 21
45 100 81 25
46 86 36 2
47 73 36 5
48 95 16 7
49 97 33 14
50 54 46 22
51 29 90 11
52 29 99 12
53 85 14 20
54 98 14 11
55 64 28 16
56 2 1 30
57 24 63 28
58 22 51 8
59 6 85 18
60 53 0 21
61 86 92 8
62 45 12 29
63 0 8 1
64 84 1 26
65 92 39 18
66 24 65 19
67 95 10 12
68 22 37 2
69 35 28 27
70 32 2 18
71 89 2 11
72 88 27 23
73 15 94 11
74 99 80 19
75 84 85 15
76 98 61
77 89 61
