2 60 2
579
579
1 77 63 14
2 21 39 3
3 76 64 29
4 46 38 28
5 81 23 9
6 69 24 24
7 72 86 6
8 74 13 11
9 95 26 1
10 6 41 20
11 65 47 17
12 35 93 24
13 0 70 16
14 83 20 29
15 24 75 16
16 29 45 5
17 72 65 1
18 99 37 14
19 55 52 30
20 51 49 21
21 71 25 29
22 83 49 9
23 0 67 11
24 55 36 7
25 87 88 7
26 68 99 6
27 18 81 11
28 84 16 17
29 91 28 26
30 47 16 2
31 76 34 18
32 42 5 12
33 6 60 1
34 5 64 3
35 20 46 28
36 89 44 27
37 100 99 11
38 49 33 7
39 28 56 24
40 23 15 22
41 39 13 22
42 30 98 25
43 73 64 18
44 4 71 27
45 79 8 24
46 12 35 12
47 50 70 2
48 11 4 21
49 11 69 28
50 13 67 24
51 82 44 22
52 43 44 18
53 75 96 18
54 25 86 13
55 96 12 2
56 21 12 19
57 69 27 24
58 79 49 6
59 38 88 19
60 63 7 26
61 98 90
62 47 31
