Heuristic: BestNearest

Solution:
Number of clusters: 11

Cluster ID: 1502
Cluster demand: 1500.0
Number of elements: 97
Element IDs:
[798, 1481, 66, 350, 61, 84, 453, 841, 1303, 625, 1225, 372, 468, 35, 1369, 1139, 1171, 1058, 942, 104, 806, 1053, 151, 850, 924, 168, 958, 43, 1122, 1228, 459, 1005, 234, 826, 777, 317, 1461, 541, 970, 973, 1492, 206, 1474, 379, 399, 1421, 1393, 878, 486, 332, 719, 1452, 385, 1061, 1405, 1489, 361, 1300, 1078, 824, 1024, 901, 1271, 1482, 246, 473, 277, 319, 663, 224, 1109, 1202, 1088, 843, 723, 709, 895, 338, 704, 976, 214, 645, 690, 615, 628, 1352, 586, 1029, 1285, 216, 312, 987, 969, 124, 1239, 378, 1484]

Cluster ID: 1511
Cluster demand: 3000.0
Number of elements: 198
Element IDs:
[744, 487, 633, 125, 812, 571, 351, 1359, 70, 1166, 232, 1498, 1487, 619, 1192, 1006, 1265, 920, 1387, 3, 51, 1394, 1455, 1003, 355, 736, 261, 870, 1245, 180, 382, 436, 1364, 682, 871, 296, 1194, 496, 677, 737, 395, 527, 686, 7, 17, 861, 1242, 1311, 1382, 1469, 564, 1143, 1398, 1436, 28, 294, 306, 572, 592, 683, 1448, 1295, 132, 445, 545, 1131, 910, 82, 108, 119, 46, 156, 788, 1107, 608, 89, 146, 263, 781, 886, 524, 642, 1101, 1227, 197, 1337, 425, 1032, 1140, 126, 381, 371, 94, 53, 106, 1302, 543, 476, 845, 891, 1287, 40, 390, 815, 150, 1022, 1023, 1226, 149, 950, 1136, 1262, 76, 141, 1050, 1493, 462, 1478, 163, 1010, 842, 839, 1104, 786, 1210, 1427, 1008, 1110, 867, 668, 854, 1485, 1163, 1445, 1248, 42, 365, 760, 974, 233, 710, 500, 340, 258, 1464, 1500, 577, 405, 636, 734, 655, 699, 990, 27, 900, 931, 1121, 1347, 384, 720, 928, 1458, 362, 1148, 1182, 1472, 359, 1212, 1420, 231, 349, 698, 1346, 1160, 115, 190, 1476, 1435, 329, 455, 92, 1336, 553, 775, 831, 807, 729, 780, 1477, 482, 1044, 1041, 1118, 1026, 1366, 160, 526, 654]

Cluster ID: 1503
Cluster demand: 2250.0
Number of elements: 141
Element IDs:
[995, 1189, 440, 2, 185, 1322, 439, 629, 341, 1391, 116, 230, 176, 889, 972, 477, 534, 1332, 914, 1152, 640, 1399, 1072, 26, 85, 652, 853, 561, 107, 1426, 1439, 161, 254, 1055, 1016, 256, 822, 741, 68, 671, 662, 692, 374, 859, 539, 1056, 691, 558, 954, 273, 1049, 1264, 846, 159, 327, 1126, 87, 1235, 1218, 617, 12, 198, 529, 567, 1401, 400, 908, 505, 962, 1392, 463, 791, 503, 1020, 1305, 418, 634, 1267, 1165, 135, 1220, 213, 1292, 1162, 203, 542, 834, 840, 1254, 565, 1105, 1279, 38, 55, 743, 1340, 732, 91, 9, 538, 154, 1375, 1363, 282, 835, 866, 1229, 393, 498, 345, 48, 1004, 858, 1389, 1317, 1385, 922, 530, 1222, 1195, 1280, 346, 622, 596, 50, 1009, 196, 637, 83, 985, 1127, 1335, 890, 1373, 1233, 377, 96, 607, 997, 334, 81]

Cluster ID: 1507
Cluster demand: 1500.0
Number of elements: 98
Element IDs:
[519, 1443, 604, 1312, 466, 1319, 980, 1499, 550, 480, 947, 1132, 179, 478, 80, 1425, 241, 1013, 1087, 226, 71, 262, 1019, 961, 1206, 25, 738, 865, 302, 297, 1042, 644, 211, 155, 1321, 1038, 1397, 461, 467, 369, 1430, 1450, 1, 678, 1240, 809, 805, 1018, 54, 1467, 944, 1386, 875, 848, 1350, 1298, 1217, 1142, 491, 716, 884, 136, 1082, 851, 1108, 879, 1067, 77, 917, 1077, 215, 113, 899, 1014, 98, 1093, 5, 1048, 260, 21, 532, 358, 546, 1449, 1390, 169, 1135, 731, 475, 799, 674, 763, 1255, 279, 202, 953, 706, 1186]

Cluster ID: 1501
Cluster demand: 2250.0
Number of elements: 155
Element IDs:
[523, 581, 696, 1157, 827, 808, 1249, 557, 660, 757, 940, 994, 817, 946, 1324, 1204, 269, 856, 1360, 1406, 24, 1291, 847, 502, 1116, 977, 172, 1409, 117, 497, 315, 911, 1339, 280, 19, 1124, 404, 705, 837, 666, 549, 469, 1065, 210, 426, 955, 489, 984, 673, 1453, 442, 881, 1155, 1431, 535, 874, 1326, 194, 410, 1320, 1137, 326, 343, 728, 749, 45, 441, 470, 1338, 832, 321, 1357, 694, 1495, 336, 276, 926, 145, 613, 1342, 415, 551, 1429, 1275, 130, 957, 471, 401, 533, 1158, 1269, 1141, 184, 1221, 1419, 646, 195, 492, 789, 932, 929, 552, 225, 1348, 8, 597, 1074, 1030, 427, 905, 88, 1384, 1071, 1187, 465, 708, 712, 354, 818, 424, 1294, 1451, 1068, 1060, 873, 1417, 200, 1247, 1349, 1164, 250, 1304, 1418, 375, 939, 247, 1095, 1069, 435, 641, 99, 472, 1100, 594, 702, 1073, 178, 968, 138, 755, 1473, 1272, 882, 896, 904]

Cluster ID: 1506
Cluster demand: 1500.0
Number of elements: 91
Element IDs:
[1154, 1244, 623, 756, 991, 1046, 575, 253, 631, 128, 1208, 1314, 380, 715, 680, 916, 610, 1466, 422, 937, 1395, 446, 578, 248, 1034, 1411, 1282, 753, 1475, 1159, 352, 877, 474, 1172, 78, 811, 1370, 431, 447, 1362, 1015, 249, 982, 417, 648, 670, 97, 450, 1308, 255, 49, 412, 72, 1361, 740, 978, 243, 57, 689, 1130, 988, 1185, 687, 1263, 69, 739, 290, 585, 127, 679, 1290, 1099, 1175, 883, 600, 1281, 419, 509, 566, 927, 651, 162, 1355, 1232, 993, 948, 1465, 860, 903, 386, 894]

Cluster ID: 1509
Cluster demand: 1800.0
Number of elements: 120
Element IDs:
[344, 1268, 201, 649, 975, 414, 1001, 1161, 103, 915, 1243, 1488, 86, 833, 219, 876, 223, 484, 1059, 1251, 1252, 143, 852, 697, 122, 951, 595, 398, 430, 1086, 1098, 1306, 1408, 1090, 1404, 1351, 271, 921, 305, 454, 959, 1129, 1444, 460, 714, 29, 713, 1091, 765, 919, 588, 1040, 1198, 801, 632, 1134, 284, 1128, 1313, 638, 1457, 998, 1331, 825, 1089, 1246, 614, 1328, 520, 657, 259, 711, 1017, 192, 724, 983, 316, 1156, 75, 264, 1011, 1083, 1241, 1147, 235, 1273, 270, 603, 849, 1138, 265, 547, 1183, 364, 1416, 252, 580, 779, 605, 15, 1260, 287, 1196, 761, 559, 1207, 139, 238, 376, 452, 1315, 347, 1428, 164, 701, 647, 323, 1076, 411, 1301]

Cluster ID: 1504
Cluster demand: 2249.0
Number of elements: 148
Element IDs:
[639, 869, 754, 208, 1052, 181, 416, 722, 148, 823, 1070, 888, 923, 330, 912, 118, 1356, 653, 913, 1341, 266, 396, 1259, 110, 187, 356, 392, 1167, 177, 1442, 173, 621, 676, 1033, 1120, 1423, 18, 887, 1376, 1414, 1440, 221, 568, 602, 885, 1028, 945, 134, 1270, 624, 601, 451, 1283, 792, 999, 1433, 1203, 1330, 606, 772, 64, 935, 820, 1276, 189, 36, 752, 941, 63, 137, 245, 421, 560, 591, 331, 464, 785, 1316, 582, 1310, 1494, 56, 158, 394, 630, 1051, 1378, 367, 387, 727, 829, 665, 718, 1479, 1043, 1057, 274, 1372, 1441, 112, 1219, 1491, 770, 1125, 227, 324, 989, 1257, 1318, 175, 1496, 311, 938, 1111, 747, 589, 289, 1238, 1293, 483, 458, 816, 95, 1075, 174, 403, 41, 1085, 1396, 960, 773, 814, 1379, 587, 669, 574, 776, 120, 1486, 1266, 188, 313, 165, 1193, 1424, 131, 796, 1177]

Cluster ID: 1510
Cluster demand: 3000.0
Number of elements: 188
Element IDs:
[934, 1214, 429, 485, 58, 333, 1460, 212, 1153, 1168, 1112, 490, 544, 1468, 434, 661, 1037, 408, 1367, 1437, 1027, 456, 794, 363, 147, 304, 111, 695, 1047, 1415, 449, 918, 956, 981, 499, 930, 109, 298, 510, 830, 1176, 285, 768, 855, 1344, 593, 943, 383, 1323, 583, 1354, 1403, 1480, 23, 759, 37, 838, 1459, 171, 782, 906, 438, 512, 684, 370, 902, 965, 880, 218, 300, 1402, 1031, 1114, 1296, 611, 864, 495, 650, 310, 996, 309, 1200, 1284, 1054, 618, 1209, 797, 1413, 1084, 1388, 244, 328, 286, 39, 735, 506, 183, 494, 205, 658, 73, 1080, 771, 288, 1045, 291, 525, 511, 612, 222, 444, 554, 493, 31, 325, 1250, 783, 555, 11, 242, 373, 320, 751, 220, 907, 34, 1325, 443, 1454, 448, 1039, 626, 236, 101, 391, 152, 892, 1184, 1174, 1297, 562, 1470, 1256, 627, 516, 717, 30, 787, 1102, 114, 342, 971, 721, 1145, 599, 1299, 228, 406, 933, 1169, 1490, 1094, 10, 1211, 105, 33, 307, 1412, 1092, 1353, 140, 1343, 93, 725, 748, 667, 1191, 353, 898, 217, 1224, 322, 513, 868, 1063, 1007, 1383, 643]

Cluster ID: 1505
Cluster demand: 2249.0
Number of elements: 138
Element IDs:
[579, 1096, 635, 656, 778, 157, 348, 251, 167, 1381, 479, 784, 522, 762, 1288, 569, 1173, 774, 746, 182, 764, 828, 186, 1368, 308, 1025, 1434, 14, 598, 862, 1149, 60, 79, 925, 193, 1103, 481, 292, 863, 1181, 4, 536, 170, 142, 1213, 1234, 1345, 293, 16, 20, 563, 1062, 1119, 102, 133, 819, 204, 897, 239, 795, 992, 1178, 209, 437, 1447, 1115, 1365, 967, 1201, 457, 166, 1286, 268, 407, 804, 335, 433, 47, 528, 893, 515, 1036, 1180, 1400, 1483, 1237, 337, 1327, 100, 1002, 1081, 240, 1097, 13, 540, 1170, 1123, 1151, 1199, 44, 299, 1035, 1205, 59, 191, 1463, 936, 857, 700, 153, 488, 1231, 32, 726, 1333, 199, 1277, 432, 1456, 1407, 1000, 1462, 790, 508, 388, 303, 295, 360, 675, 964, 368, 1079, 129, 793, 1334, 517, 518, 979]

Cluster ID: 1508
Cluster demand: 2141.0
Number of elements: 126
Element IDs:
[1106, 1374, 428, 802, 821, 1179, 703, 803, 144, 1261, 616, 1253, 1064, 281, 573, 1215, 570, 1471, 423, 949, 1371, 872, 67, 52, 275, 74, 766, 413, 537, 800, 1258, 501, 366, 1012, 1133, 1422, 389, 909, 420, 339, 836, 278, 844, 1438, 707, 693, 257, 590, 402, 664, 952, 1146, 767, 283, 609, 6, 672, 620, 318, 659, 531, 758, 1197, 521, 1289, 22, 733, 1066, 556, 1358, 1278, 769, 1309, 1380, 90, 314, 229, 1230, 576, 1216, 357, 504, 1190, 688, 397, 267, 966, 1144, 1329, 742, 1236, 62, 681, 1377, 514, 1497, 1117, 1307, 810, 1274, 963, 548, 1432, 237, 301, 986, 1021, 65, 1410, 1223, 272, 207, 730, 750, 409, 1446, 1150, 685, 745, 1113, 813, 507, 1188, 121, 123, 584]

Unassigned customers: 0
Depots without assigned customers: 0
