Heuristic: BestCyclicAssignment

Solution:
Number of clusters: 11

Cluster ID: 1504
Cluster demand: 2250.0
Number of elements: 143
Element IDs:
[639, 869, 754, 208, 330, 356, 1167, 1442, 653, 118, 1120, 602, 134, 1433, 624, 1376, 1414, 601, 221, 1283, 1330, 189, 285, 298, 768, 918, 499, 1168, 490, 1468, 661, 147, 1415, 1437, 1367, 1112, 1153, 1460, 58, 485, 212, 544, 817, 434, 1027, 1037, 1324, 946, 994, 1249, 808, 940, 557, 660, 1204, 856, 1360, 847, 502, 172, 24, 497, 280, 549, 673, 666, 1124, 442, 874, 343, 326, 336, 1275, 789, 932, 8, 597, 646, 552, 427, 905, 1352, 709, 895, 319, 1061, 206, 1474, 719, 486, 973, 1005, 168, 151, 1139, 35, 43, 924, 332, 1271, 843, 1109, 628, 152, 1039, 34, 904, 1184, 516, 717, 599, 228, 787, 626, 373, 1250, 222, 641, 247, 1304, 1164, 873, 1417, 939, 99, 138, 612, 594, 702, 1069, 1247, 1068, 1030, 225, 957, 926, 130, 401, 1338, 410, 1155, 984, 315]

Cluster ID: 1505
Cluster demand: 2250.0
Number of elements: 156
Element IDs:
[579, 157, 479, 764, 79, 193, 292, 563, 293, 819, 1365, 268, 407, 13, 240, 1097, 1081, 1036, 20, 204, 1181, 170, 1213, 133, 209, 1178, 1345, 863, 4, 536, 60, 308, 598, 1434, 774, 762, 348, 1096, 635, 167, 251, 182, 1025, 1149, 1103, 862, 746, 1173, 1288, 14, 481, 1234, 795, 897, 1119, 239, 1447, 1286, 166, 893, 515, 1180, 437, 142, 102, 1201, 1483, 540, 1205, 432, 790, 295, 793, 73, 964, 518, 129, 1334, 368, 1388, 244, 1084, 1413, 797, 1177, 131, 313, 1486, 796, 1193, 1209, 589, 1441, 1043, 1057, 438, 1031, 1114, 171, 782, 370, 1402, 611, 310, 996, 618, 303, 199, 1456, 726, 300, 684, 218, 1123, 1327, 512, 759, 583, 510, 930, 456, 794, 981, 109, 830, 1176, 383, 1323, 1354, 855, 36, 64, 451, 1423, 1259, 173, 110, 885, 1440, 935, 464, 1316, 582, 245, 560, 1051, 289, 1085, 587, 1075, 112, 829, 1494, 1203, 938, 95]

Cluster ID: 1507
Cluster demand: 1500.0
Number of elements: 97
Element IDs:
[519, 1312, 466, 550, 179, 947, 71, 302, 1013, 1087, 80, 241, 1019, 1253, 1064, 1261, 803, 821, 428, 1374, 703, 616, 25, 865, 369, 1215, 281, 573, 1467, 1018, 1298, 1142, 136, 716, 1108, 570, 1048, 1449, 169, 799, 279, 475, 899, 1077, 879, 1082, 77, 113, 5, 260, 674, 731, 67, 202, 1371, 763, 21, 532, 358, 98, 215, 1093, 546, 1135, 953, 766, 706, 1258, 1255, 1390, 1335, 1280, 334, 679, 860, 1146, 620, 1232, 907, 162, 96, 1009, 637, 393, 1195, 48, 1004, 1389, 1127, 882, 1095, 435, 178, 1473, 988, 894, 627]

Cluster ID: 1501
Cluster demand: 2250.0
Number of elements: 148
Element IDs:
[523, 827, 581, 1157, 696, 757, 269, 454, 1090, 1404, 1408, 484, 1059, 271, 1351, 588, 1040, 1134, 1128, 1328, 1331, 1089, 316, 849, 1138, 547, 1183, 761, 452, 1315, 1272, 993, 927, 525, 386, 1355, 509, 890, 596, 866, 154, 503, 962, 617, 954, 691, 692, 68, 1055, 254, 161, 853, 1426, 652, 822, 741, 662, 1049, 87, 846, 558, 1235, 327, 1126, 505, 418, 634, 213, 1105, 542, 282, 498, 1385, 922, 83, 377, 49, 412, 755, 689, 57, 1290, 651, 1073, 968, 1418, 1060, 818, 424, 250, 465, 88, 1071, 1074, 929, 1158, 321, 441, 252, 580, 779, 881, 1246, 711, 235, 265, 603, 238, 701, 1349, 375, 472, 1100, 997, 1233, 622, 530, 1373, 985, 1222, 196, 345, 538, 463, 743, 1229, 1340, 1267, 840, 732, 55, 1292, 400, 908, 529, 1401, 671, 1439, 1399, 640, 914, 107, 128, 631, 1208, 715, 680, 834]

Cluster ID: 1503
Cluster demand: 2250.0
Number of elements: 136
Element IDs:
[995, 1189, 2, 439, 1391, 440, 629, 477, 534, 176, 972, 341, 889, 1332, 1152, 85, 1072, 561, 26, 256, 374, 539, 1056, 273, 159, 1264, 567, 1305, 1020, 791, 1220, 135, 1254, 91, 38, 1162, 565, 1279, 9, 203, 884, 848, 1217, 491, 851, 1350, 1386, 944, 805, 1, 678, 1397, 211, 297, 961, 155, 1042, 644, 480, 1319, 1425, 980, 1499, 1132, 262, 1206, 1321, 1430, 1450, 809, 54, 1240, 461, 467, 1016, 198, 1392, 12, 859, 50, 670, 978, 1185, 687, 1263, 69, 1361, 450, 97, 982, 81, 1015, 607, 1362, 417, 1308, 243, 249, 78, 1172, 877, 1159, 1282, 1034, 1411, 1375, 1363, 858, 1317, 346, 835, 1165, 578, 1466, 937, 422, 446, 1395, 248, 1475, 474, 753, 1130, 1099, 1175, 1211, 406, 342, 721, 562, 1470, 391, 236, 892, 378, 586]

Cluster ID: 1509
Cluster demand: 1800.0
Number of elements: 117
Element IDs:
[344, 103, 649, 1001, 1268, 201, 1243, 833, 143, 1098, 697, 959, 363, 111, 29, 765, 919, 398, 430, 122, 1086, 1252, 219, 86, 876, 1488, 1251, 595, 1444, 1129, 921, 714, 284, 606, 331, 421, 1276, 568, 676, 912, 1356, 396, 1070, 888, 923, 416, 722, 913, 887, 792, 999, 1270, 63, 1310, 324, 227, 1238, 891, 371, 149, 476, 845, 76, 40, 786, 1110, 233, 710, 365, 1210, 815, 425, 1022, 119, 910, 642, 950, 462, 53, 886, 788, 1311, 1295, 608, 146, 106, 1104, 854, 1248, 362, 1476, 1477, 654, 1420, 931, 359, 698, 482, 1188, 780, 115, 928, 405, 636, 900, 163, 1226, 839, 17, 1242, 543, 1163, 842, 92, 1498, 812, 232]

Cluster ID: 1510
Cluster demand: 3000.0
Number of elements: 188
Element IDs:
[934, 1214, 429, 333, 408, 695, 449, 956, 1047, 304, 1116, 1409, 1339, 404, 705, 210, 469, 19, 837, 426, 489, 535, 728, 45, 470, 184, 216, 312, 551, 1269, 645, 224, 385, 399, 541, 777, 459, 317, 104, 1058, 942, 850, 878, 1300, 824, 663, 277, 214, 976, 1285, 195, 1221, 1141, 533, 1429, 1348, 1239, 1384, 708, 1451, 200, 286, 735, 39, 183, 517, 1462, 1277, 1231, 857, 299, 1170, 1400, 47, 1002, 936, 1035, 1237, 335, 804, 1115, 967, 433, 1151, 1199, 337, 528, 992, 44, 1296, 902, 965, 37, 838, 1459, 906, 23, 1480, 593, 943, 1403, 1344, 880, 1137, 1320, 194, 276, 613, 415, 832, 864, 471, 1419, 1054, 309, 1200, 1284, 360, 388, 1407, 32, 1000, 1079, 675, 1333, 100, 457, 16, 1062, 925, 1368, 186, 569, 522, 1381, 784, 656, 778, 828, 59, 153, 191, 1463, 508, 488, 700, 506, 205, 658, 328, 188, 1379, 403, 747, 1111, 770, 1479, 56, 941, 367, 137, 945, 187, 823, 177, 18, 621, 1341, 148, 1033, 1028, 591, 665, 727, 1219, 1318, 1491, 1496, 174, 458, 816, 41, 773, 669, 165, 220, 181, 1161]

Cluster ID: 1511
Cluster demand: 3000.0
Number of elements: 198
Element IDs:
[744, 125, 1166, 1359, 355, 1143, 686, 382, 527, 1436, 1394, 1455, 1265, 571, 1006, 920, 1245, 861, 395, 592, 1448, 445, 737, 496, 677, 1364, 132, 306, 1107, 263, 126, 1478, 1010, 1050, 1493, 94, 1227, 28, 436, 870, 3, 51, 296, 564, 180, 572, 524, 150, 867, 1445, 1458, 1472, 349, 1346, 1347, 668, 1427, 1485, 699, 27, 42, 1121, 577, 760, 1008, 1212, 553, 1026, 1366, 504, 1190, 357, 1216, 576, 1230, 90, 314, 1358, 733, 769, 1309, 531, 6, 844, 836, 1133, 389, 909, 257, 590, 402, 767, 609, 672, 1301, 707, 420, 1012, 501, 366, 278, 952, 283, 318, 659, 521, 758, 101, 443, 1256, 30, 1174, 1297, 1102, 775, 807, 729, 526, 1094, 1278, 556, 1380, 229, 1041, 831, 1066, 1289, 22, 1197, 693, 800, 537, 275, 74, 1186, 872, 949, 1471, 423, 1422, 339, 1438, 664, 413, 52, 917, 1067, 1014, 875, 1325, 751, 555, 325, 493, 411, 164, 647, 288, 1080, 1045, 771, 1428, 1196, 15, 1416, 1147, 259, 724, 1156, 75, 270, 983, 1241, 1273, 192, 264, 1011, 605, 1260, 376, 364, 1083, 614, 998, 1457, 825, 801, 1091, 460, 305, 1306, 852, 915, 414, 975, 632, 657, 89]

Cluster ID: 1502
Cluster demand: 1499.0
Number of elements: 92
Element IDs:
[798, 1481, 66, 1225, 841, 1303, 61, 84, 350, 453, 372, 625, 1369, 806, 1122, 1461, 379, 1452, 361, 1489, 1405, 901, 1202, 615, 513, 217, 1063, 745, 507, 813, 123, 584, 1113, 685, 409, 750, 1223, 272, 207, 979, 1021, 301, 548, 1274, 963, 1432, 237, 868, 1191, 725, 1092, 105, 33, 1353, 307, 93, 667, 681, 1377, 1497, 514, 62, 742, 1236, 643, 1329, 898, 353, 322, 1007, 1383, 1144, 267, 903, 966, 688, 397, 419, 566, 600, 1281, 739, 883, 72, 255, 447, 1370, 648, 740, 127, 290, 352]

Cluster ID: 1506
Cluster demand: 1498.0
Number of elements: 93
Element IDs:
[1154, 756, 991, 623, 1244, 1046, 253, 116, 230, 185, 1322, 380, 1038, 226, 1314, 575, 916, 610, 1218, 811, 431, 585, 114, 1145, 320, 783, 948, 1465, 444, 896, 1294, 354, 712, 1484, 969, 690, 704, 723, 1299, 933, 1169, 1490, 987, 10, 1412, 1343, 140, 124, 338, 473, 1088, 748, 1224, 730, 65, 1150, 1446, 1410, 986, 810, 1117, 1307, 121, 1421, 970, 234, 1228, 1053, 958, 1171, 826, 1393, 1078, 246, 1029, 492, 145, 1342, 1357, 694, 749, 1495, 1453, 955, 1431, 1326, 1482, 1492, 468, 1024, 495, 650, 392]

Cluster ID: 1508
Cluster demand: 2142.0
Number of elements: 132
Element IDs:
[1106, 1179, 802, 144, 478, 604, 1443, 738, 1454, 242, 11, 554, 31, 160, 291, 511, 1118, 323, 139, 347, 190, 231, 990, 340, 655, 1464, 500, 734, 329, 455, 1336, 1160, 258, 720, 1262, 1136, 1287, 141, 390, 274, 381, 1101, 1131, 1382, 294, 1194, 1003, 1387, 736, 351, 487, 70, 1487, 619, 633, 1192, 1140, 1023, 974, 384, 1044, 1032, 781, 989, 387, 785, 752, 1378, 1257, 1017, 520, 1313, 713, 1198, 638, 911, 117, 977, 1406, 1291, 1065, 1187, 1207, 1076, 559, 287, 971, 630, 82, 158, 394, 46, 156, 683, 682, 871, 1398, 1469, 108, 545, 1302, 197, 1337, 1372, 261, 7, 1396, 483, 814, 776, 448, 1435, 1148, 1182, 1500, 718, 1125, 311, 175, 1293, 960, 574, 120, 1266, 1424, 494, 772, 1052, 266, 223, 951, 820]

Unassigned customers: 0
Depots without assigned customers: 0
