Heuristic: CoefficientPropagation

Solution:
Number of clusters: 11

Cluster ID: 1509
Cluster demand: 1800.0
Number of elements: 116
Element IDs:
[344, 103, 649, 1001, 414, 915, 1268, 484, 1059, 271, 1351, 588, 1040, 1134, 1128, 1090, 1404, 454, 1408, 852, 1306, 305, 460, 1091, 801, 713, 201, 1243, 833, 143, 1098, 697, 959, 975, 1161, 86, 219, 876, 1252, 1086, 223, 951, 1488, 1251, 595, 1444, 363, 111, 29, 765, 919, 122, 398, 430, 921, 714, 1129, 499, 918, 1328, 1331, 1089, 316, 849, 1138, 547, 1183, 1083, 364, 614, 998, 1457, 825, 192, 264, 1011, 1273, 1241, 983, 75, 1156, 270, 724, 259, 1147, 1416, 15, 1196, 1428, 771, 1045, 1080, 605, 1260, 376, 511, 291, 31, 160, 554, 1336, 455, 329, 1160, 734, 1464, 500, 655, 990, 231, 190, 340, 1118, 258, 411, 269]

Cluster ID: 1510
Cluster demand: 3000.0
Number of elements: 201
Element IDs:
[934, 1214, 429, 333, 58, 1460, 1153, 1112, 1367, 1437, 408, 1037, 1027, 304, 1116, 1047, 449, 956, 1409, 695, 1339, 404, 705, 210, 469, 19, 837, 426, 497, 489, 535, 728, 45, 470, 1431, 1326, 955, 1453, 434, 147, 1415, 661, 490, 1468, 1168, 184, 216, 1285, 195, 312, 551, 1269, 645, 1221, 1141, 533, 1429, 1348, 224, 976, 214, 385, 399, 541, 777, 459, 317, 1078, 246, 958, 1053, 1171, 826, 1482, 586, 1029, 492, 145, 1342, 1357, 1495, 694, 749, 1393, 485, 1344, 23, 1480, 593, 943, 1403, 37, 838, 1459, 906, 902, 965, 1296, 1137, 1320, 194, 880, 832, 415, 613, 864, 276, 471, 1419, 309, 1200, 1054, 1284, 360, 388, 1407, 32, 1000, 495, 650, 1035, 1237, 335, 804, 967, 1115, 433, 1151, 1199, 337, 47, 1002, 1400, 1170, 299, 857, 1231, 1277, 1462, 100, 457, 936, 528, 16, 1062, 992, 277, 663, 824, 1300, 878, 1024, 1352, 427, 905, 552, 646, 789, 932, 8, 597, 712, 1484, 1294, 354, 709, 895, 319, 969, 1061, 206, 1474, 719, 486, 973, 1005, 168, 151, 1139, 35, 43, 924, 806, 1122, 1369, 1461, 372, 453, 625, 84, 61, 350, 1164, 873, 1417, 1304, 247, 641, 939, 379, 1079]

Cluster ID: 1504
Cluster demand: 2250.0
Number of elements: 150
Element IDs:
[639, 869, 754, 208, 330, 356, 1167, 1442, 653, 118, 1120, 602, 134, 1433, 624, 1376, 1414, 601, 221, 1283, 392, 266, 1330, 189, 285, 298, 768, 912, 676, 568, 1276, 421, 331, 752, 785, 1378, 387, 274, 381, 390, 141, 1287, 1136, 1262, 1101, 989, 1257, 606, 284, 1131, 89, 781, 1382, 294, 1194, 572, 524, 150, 867, 180, 1032, 1445, 1458, 1472, 349, 1346, 1347, 668, 807, 729, 775, 831, 1041, 229, 1380, 526, 1094, 1102, 1278, 556, 30, 1174, 1297, 1256, 971, 22, 1289, 1197, 1066, 1003, 1387, 736, 443, 101, 521, 318, 659, 758, 1017, 520, 657, 1313, 181, 1052, 1259, 1423, 451, 64, 36, 173, 110, 885, 1440, 935, 464, 1316, 582, 1494, 829, 112, 137, 1203, 945, 245, 560, 1051, 187, 823, 1441, 1043, 1057, 1075, 1085, 587, 289, 367, 1479, 770, 938, 1111, 747, 56, 941, 772, 18, 177, 621, 1341, 1028, 131]

Cluster ID: 1501
Cluster demand: 2250.0
Number of elements: 133
Element IDs:
[523, 827, 581, 1157, 696, 557, 660, 940, 1249, 808, 1204, 856, 1360, 847, 502, 172, 24, 994, 946, 1324, 757, 280, 549, 673, 666, 1124, 1291, 1406, 977, 117, 315, 911, 638, 1198, 1246, 711, 881, 235, 265, 603, 442, 874, 343, 984, 1155, 1065, 326, 336, 1275, 410, 1338, 130, 401, 957, 926, 1030, 1187, 761, 452, 1315, 1272, 993, 927, 525, 386, 1355, 509, 890, 596, 866, 154, 1389, 1004, 48, 1195, 96, 1009, 637, 393, 91, 38, 1162, 1305, 1020, 791, 1220, 135, 1254, 565, 1279, 9, 203, 884, 567, 159, 1264, 273, 539, 1056, 374, 256, 1280, 1335, 1390, 1255, 334, 679, 1014, 198, 1392, 12, 503, 962, 617, 954, 691, 692, 68, 1055, 254, 161, 853, 1426, 652, 859, 1127, 1232, 620, 1146, 860, 1325, 751, 283]

Cluster ID: 1503
Cluster demand: 2250.0
Number of elements: 153
Element IDs:
[995, 1189, 2, 439, 1391, 440, 629, 477, 534, 176, 972, 341, 185, 1322, 253, 116, 230, 914, 1399, 640, 107, 1439, 128, 631, 671, 662, 741, 822, 1049, 87, 846, 558, 1235, 327, 1126, 505, 418, 634, 213, 1105, 542, 732, 529, 1401, 908, 55, 1292, 400, 835, 1317, 346, 858, 1363, 1375, 1218, 282, 498, 1385, 840, 834, 1165, 578, 1034, 1411, 1282, 1159, 877, 78, 1172, 352, 249, 922, 83, 377, 49, 412, 755, 689, 1473, 178, 435, 607, 1362, 417, 1308, 431, 811, 97, 450, 982, 81, 1015, 1361, 243, 69, 687, 1263, 1095, 472, 1100, 997, 1233, 622, 530, 375, 1349, 701, 1373, 985, 238, 1076, 988, 1185, 978, 1290, 651, 1073, 968, 1418, 57, 670, 1207, 1074, 88, 1071, 465, 929, 1158, 321, 441, 252, 580, 779, 424, 818, 1060, 250, 225, 1068, 1247, 50, 1229, 743, 1340, 1267, 1222, 196, 345, 538, 882, 1466, 740, 1281]

Cluster ID: 1507
Cluster demand: 1500.0
Number of elements: 97
Element IDs:
[519, 1312, 466, 550, 1132, 980, 1499, 179, 947, 1443, 604, 71, 302, 226, 478, 144, 1013, 1087, 80, 1425, 262, 1206, 1019, 1253, 1064, 1261, 803, 241, 738, 821, 428, 1374, 703, 616, 1321, 25, 865, 961, 297, 155, 1042, 211, 1397, 644, 1, 678, 805, 875, 944, 1386, 1350, 1217, 491, 851, 848, 1319, 480, 1430, 1450, 809, 461, 467, 1240, 54, 1016, 561, 26, 1072, 85, 1152, 1332, 889, 215, 98, 358, 1093, 21, 532, 546, 1135, 763, 202, 1371, 67, 953, 766, 706, 1258, 52, 413, 501, 366, 1067, 917, 113, 77, 1301]

Cluster ID: 1506
Cluster demand: 1500.0
Number of elements: 90
Element IDs:
[1154, 756, 991, 623, 1244, 1046, 575, 1314, 380, 1038, 1208, 715, 680, 916, 610, 937, 422, 446, 1395, 248, 1475, 474, 1370, 447, 255, 72, 739, 600, 419, 566, 883, 290, 127, 1130, 1099, 1175, 688, 397, 903, 267, 966, 1144, 648, 1007, 1383, 322, 353, 898, 1329, 643, 742, 1236, 62, 514, 1117, 1307, 810, 753, 93, 667, 307, 1353, 33, 105, 1092, 725, 1191, 228, 599, 933, 1169, 1490, 1299, 987, 10, 1412, 1343, 140, 124, 748, 338, 473, 1088, 1224, 730, 1063, 513, 615, 1202, 516]

Cluster ID: 1511
Cluster demand: 3000.0
Number of elements: 193
Element IDs:
[744, 125, 1166, 1359, 351, 487, 70, 232, 1487, 619, 633, 812, 3, 51, 870, 436, 296, 564, 28, 1498, 1192, 1227, 94, 1050, 1493, 1008, 760, 577, 1212, 1010, 553, 263, 126, 1107, 306, 1478, 1026, 1366, 504, 1190, 357, 132, 677, 496, 737, 1364, 395, 592, 1448, 861, 445, 1140, 1216, 576, 1230, 90, 314, 769, 1309, 1358, 733, 42, 1121, 699, 27, 1485, 1427, 1245, 920, 1006, 1023, 842, 1163, 974, 384, 543, 17, 1242, 146, 608, 106, 1104, 854, 1248, 362, 1295, 1311, 788, 886, 53, 1226, 163, 839, 1436, 527, 382, 686, 1143, 119, 910, 642, 462, 950, 405, 636, 900, 928, 115, 780, 355, 425, 815, 1022, 7, 545, 108, 1469, 197, 1337, 1372, 1302, 371, 891, 149, 476, 845, 76, 40, 786, 1110, 233, 710, 365, 1210, 1238, 324, 227, 1219, 1318, 1491, 1496, 727, 665, 591, 483, 1396, 174, 458, 816, 41, 773, 669, 95, 311, 175, 1125, 1293, 814, 776, 718, 165, 960, 574, 1398, 871, 682, 261, 683, 46, 156, 158, 394, 82, 630, 820, 1310, 63, 120, 1266, 1270, 792, 999, 887, 396, 1070, 888, 923, 416, 722, 1356, 913, 6, 1438]

Cluster ID: 1502
Cluster demand: 1500.0
Number of elements: 89
Element IDs:
[798, 1481, 66, 1225, 841, 1303, 468, 942, 850, 1058, 104, 1492, 1239, 1384, 708, 1451, 200, 286, 735, 39, 183, 517, 675, 1333, 1228, 234, 970, 1421, 1405, 901, 1489, 361, 1452, 217, 745, 507, 813, 123, 584, 1113, 685, 409, 750, 1223, 272, 207, 979, 1021, 1150, 301, 548, 1274, 1446, 65, 963, 1432, 237, 868, 986, 1410, 1497, 1377, 681, 121, 332, 1271, 843, 1109, 628, 152, 1039, 34, 904, 1184, 717, 787, 626, 373, 1250, 222, 896, 99, 138, 612, 594, 1069, 378, 562, 627]

Cluster ID: 1508
Cluster demand: 2142.0
Number of elements: 137
Element IDs:
[1106, 1179, 802, 369, 1215, 281, 573, 1467, 1018, 1298, 1142, 136, 716, 1108, 1082, 879, 1077, 899, 475, 279, 799, 169, 1449, 1048, 1471, 423, 570, 74, 1186, 275, 872, 537, 800, 1422, 339, 664, 844, 836, 1133, 949, 389, 909, 257, 590, 402, 693, 767, 609, 672, 420, 707, 1012, 278, 952, 260, 5, 731, 674, 531, 1454, 242, 11, 555, 325, 493, 907, 162, 288, 647, 164, 559, 287, 323, 139, 347, 720, 632, 463, 1044, 92, 571, 1265, 1394, 1455, 1500, 1148, 1182, 1435, 448, 220, 931, 359, 1420, 698, 482, 1188, 1476, 1477, 654, 1033, 148, 403, 1379, 188, 328, 658, 205, 494, 1424, 1031, 438, 855, 544, 212, 817, 44, 444, 948, 1465, 783, 320, 894, 892, 114, 1145, 406, 342, 1211, 721, 585, 1470, 391, 236, 702, 690, 704, 723]

Cluster ID: 1505
Cluster demand: 2247.0
Number of elements: 141
Element IDs:
[579, 157, 1096, 348, 479, 764, 79, 193, 292, 563, 762, 774, 1434, 598, 308, 60, 4, 536, 102, 863, 1345, 1178, 209, 133, 1213, 170, 1201, 1483, 540, 1205, 1181, 635, 167, 251, 1173, 746, 862, 182, 1025, 1149, 1103, 1288, 925, 14, 481, 1234, 795, 897, 656, 778, 142, 1119, 239, 1447, 1286, 166, 893, 515, 1180, 437, 784, 1381, 522, 569, 186, 1368, 828, 204, 20, 293, 819, 1365, 268, 407, 13, 240, 1097, 1081, 1036, 488, 700, 199, 303, 618, 996, 310, 611, 1456, 726, 1402, 370, 782, 171, 383, 1323, 1354, 830, 1176, 109, 981, 930, 456, 794, 1327, 1123, 218, 684, 300, 512, 759, 583, 510, 368, 1334, 1388, 244, 129, 518, 964, 1084, 1413, 797, 1177, 796, 1193, 1209, 1486, 313, 508, 73, 793, 295, 790, 432, 506, 191, 1463, 153, 59, 589, 1114]

Unassigned customers: 0
Depots without assigned customers: 0
