Heuristic: CyclicAssignment

Solution:
Number of clusters: 11

Cluster ID: 1506
Cluster demand: 1500.0
Number of elements: 87
Element IDs:
[1154, 756, 991, 623, 631, 128, 640, 1399, 914, 439, 1391, 477, 652, 1426, 1055, 68, 692, 691, 954, 617, 962, 503, 12, 198, 1392, 135, 1220, 791, 1020, 1305, 1162, 38, 91, 393, 1009, 637, 334, 679, 860, 1146, 620, 1232, 907, 162, 96, 1195, 48, 1004, 1389, 1254, 1280, 1325, 751, 555, 325, 493, 411, 164, 647, 288, 1080, 1045, 771, 1428, 1196, 15, 1416, 1147, 259, 724, 1156, 75, 270, 983, 1241, 1273, 192, 264, 1011, 605, 1260, 376, 364, 825, 801, 632, 181]

Cluster ID: 1502
Cluster demand: 1500.0
Number of elements: 93
Element IDs:
[798, 1481, 66, 1225, 841, 1303, 61, 84, 350, 453, 372, 625, 1369, 806, 1122, 1461, 379, 1452, 361, 1489, 1405, 901, 1202, 615, 513, 217, 1063, 745, 507, 813, 123, 584, 1113, 685, 409, 750, 1223, 272, 207, 979, 1021, 301, 548, 1274, 963, 1432, 237, 868, 1191, 725, 1092, 105, 33, 1353, 307, 93, 667, 681, 1377, 1497, 514, 62, 742, 1236, 643, 1329, 898, 353, 322, 1007, 1383, 1144, 267, 903, 966, 688, 397, 419, 566, 600, 1281, 739, 883, 72, 255, 447, 1370, 648, 740, 127, 290, 352, 627]

Cluster ID: 1507
Cluster demand: 1500.0
Number of elements: 99
Element IDs:
[519, 1312, 466, 550, 179, 947, 71, 302, 1013, 1087, 80, 241, 738, 478, 1443, 1319, 1425, 980, 1499, 1132, 262, 1206, 1321, 1430, 1450, 809, 54, 1240, 461, 467, 1397, 211, 297, 961, 155, 1042, 644, 1, 678, 805, 875, 944, 917, 21, 532, 546, 1135, 953, 766, 706, 1258, 278, 366, 1012, 707, 672, 1301, 609, 767, 693, 836, 844, 6, 664, 1438, 339, 1422, 423, 531, 733, 1358, 314, 90, 769, 1309, 1230, 576, 1216, 357, 504, 1190, 553, 1212, 577, 760, 1008, 42, 1121, 699, 27, 1485, 1427, 1026, 1366, 1044, 92, 974, 1140, 842]

Cluster ID: 1509
Cluster demand: 1800.0
Number of elements: 106
Element IDs:
[344, 103, 649, 1001, 1268, 201, 1243, 833, 143, 1098, 697, 959, 363, 111, 29, 765, 919, 398, 430, 122, 1086, 1252, 219, 86, 876, 1488, 1251, 595, 1444, 1129, 921, 714, 284, 606, 331, 421, 1276, 568, 676, 912, 1356, 396, 1070, 888, 923, 416, 722, 913, 887, 792, 999, 1270, 63, 1310, 324, 227, 1238, 891, 371, 149, 476, 845, 76, 40, 786, 1110, 233, 710, 365, 1210, 815, 425, 1022, 1500, 1148, 1182, 1435, 448, 220, 669, 773, 41, 458, 816, 174, 1496, 1491, 1318, 1219, 727, 665, 591, 718, 1125, 311, 175, 1293, 960, 574, 165, 95, 814, 776, 483, 1396, 1302]

Cluster ID: 1505
Cluster demand: 2250.0
Number of elements: 148
Element IDs:
[579, 157, 479, 764, 79, 193, 292, 563, 293, 819, 1365, 268, 407, 13, 240, 1097, 1081, 1036, 20, 204, 1181, 170, 1213, 133, 209, 1178, 1345, 863, 4, 536, 60, 308, 598, 1434, 774, 762, 348, 1096, 635, 167, 251, 182, 1025, 1149, 1103, 862, 746, 1173, 1288, 14, 481, 1234, 795, 897, 1119, 239, 1447, 1286, 166, 893, 1180, 300, 684, 218, 1123, 1327, 512, 759, 583, 510, 1403, 37, 838, 1459, 906, 23, 1480, 593, 943, 1344, 880, 1137, 1320, 194, 276, 613, 415, 832, 864, 471, 1419, 1054, 309, 1200, 1284, 360, 388, 1079, 1333, 457, 1062, 1368, 569, 656, 778, 828, 191, 1463, 488, 506, 658, 494, 1379, 403, 747, 938, 1111, 770, 1479, 56, 772, 177, 1341, 1052, 392, 266, 820, 630, 82, 158, 394, 156, 351, 487, 70, 232, 633, 1498, 1023, 120, 955, 1453, 749, 1357, 1342, 586, 1484, 562]

Cluster ID: 1508
Cluster demand: 2249.0
Number of elements: 147
Element IDs:
[1106, 1179, 802, 703, 1374, 428, 821, 803, 1261, 1064, 1253, 1019, 144, 604, 480, 25, 865, 616, 369, 1215, 281, 573, 1467, 1018, 1298, 1142, 136, 716, 1108, 570, 1048, 1449, 169, 799, 279, 475, 899, 1077, 879, 1082, 77, 113, 5, 260, 674, 731, 67, 202, 1371, 763, 52, 413, 501, 420, 389, 909, 257, 590, 402, 1133, 800, 537, 275, 74, 1186, 872, 949, 1471, 1197, 22, 1289, 1066, 1380, 229, 1041, 831, 526, 1094, 1278, 556, 971, 31, 160, 291, 511, 554, 11, 242, 1454, 952, 559, 287, 1457, 998, 614, 1083, 1091, 460, 305, 915, 951, 212, 434, 1027, 1037, 497, 24, 172, 502, 847, 856, 1360, 280, 549, 673, 666, 1124, 442, 874, 343, 326, 336, 1275, 789, 932, 8, 597, 646, 552, 427, 905, 1352, 709, 895, 319, 1061, 206, 1474, 719, 151, 1139, 1053, 958, 1078, 246, 492, 516]

Cluster ID: 1501
Cluster demand: 2248.0
Number of elements: 150
Element IDs:
[523, 827, 581, 1157, 696, 757, 269, 454, 1090, 1404, 1408, 484, 1059, 271, 1351, 588, 1040, 1134, 1128, 1328, 1331, 1089, 316, 849, 1138, 547, 1183, 761, 452, 1315, 1272, 993, 927, 525, 386, 1355, 509, 890, 596, 866, 154, 538, 345, 1222, 196, 1127, 882, 985, 1373, 530, 622, 1233, 997, 472, 1100, 375, 1349, 701, 238, 1076, 1207, 1074, 88, 1071, 465, 424, 818, 1060, 1418, 1073, 651, 968, 1290, 57, 978, 988, 1185, 687, 1263, 69, 1361, 450, 97, 982, 81, 1015, 607, 1362, 417, 1308, 243, 249, 78, 1172, 877, 1159, 1282, 1034, 1411, 1375, 1363, 858, 1317, 346, 835, 55, 1292, 400, 908, 529, 1401, 505, 418, 634, 213, 1105, 542, 282, 498, 1385, 922, 83, 377, 49, 412, 755, 689, 250, 1473, 178, 435, 1095, 50, 1229, 743, 1340, 1267, 840, 1235, 327, 1126, 87, 1049, 846, 558, 741, 822, 662, 671, 1439]

Cluster ID: 1503
Cluster demand: 2249.0
Number of elements: 153
Element IDs:
[995, 1189, 2, 1046, 1244, 253, 116, 230, 185, 1322, 440, 629, 534, 176, 972, 341, 889, 1332, 1152, 85, 1072, 561, 26, 256, 374, 539, 1056, 273, 159, 1264, 567, 565, 1279, 9, 203, 884, 848, 1217, 491, 851, 1350, 1386, 1067, 215, 98, 358, 1093, 1014, 1390, 1255, 1335, 283, 318, 659, 521, 758, 101, 443, 1256, 30, 1174, 1297, 1102, 775, 807, 729, 1472, 349, 1346, 1347, 668, 1445, 1458, 867, 150, 734, 329, 455, 1336, 1160, 1464, 500, 655, 990, 231, 190, 340, 258, 720, 347, 139, 323, 1118, 1257, 1378, 520, 1313, 1161, 975, 414, 223, 544, 817, 1324, 946, 994, 1249, 808, 940, 557, 660, 1204, 1291, 1406, 977, 117, 315, 911, 1065, 984, 1155, 410, 1338, 130, 401, 957, 926, 1187, 873, 1417, 1164, 1304, 247, 641, 222, 378, 690, 704, 723, 486, 924, 473, 338, 124, 140, 748, 1224, 730, 65, 1150, 1446, 1410, 986]

Cluster ID: 1504
Cluster demand: 2249.0
Number of elements: 154
Element IDs:
[639, 869, 754, 208, 330, 356, 1167, 1442, 653, 118, 1120, 602, 134, 1433, 624, 1376, 1414, 601, 221, 1283, 1330, 189, 285, 298, 768, 918, 499, 1168, 490, 1468, 661, 147, 1415, 1437, 1367, 1112, 1153, 1460, 58, 485, 456, 794, 930, 981, 109, 830, 1176, 383, 1323, 1354, 370, 1402, 611, 310, 996, 618, 303, 199, 1456, 726, 515, 437, 142, 102, 1201, 1483, 540, 1205, 432, 790, 295, 793, 73, 964, 518, 129, 1334, 368, 1388, 244, 1084, 1413, 797, 1177, 131, 313, 1486, 796, 1193, 1209, 589, 1441, 1043, 1057, 438, 1031, 1114, 171, 782, 855, 36, 64, 451, 1423, 1259, 173, 110, 885, 1440, 935, 464, 1316, 582, 245, 560, 1051, 1494, 829, 1203, 945, 187, 823, 148, 1033, 197, 108, 545, 1469, 7, 382, 527, 1436, 1394, 1455, 1265, 571, 1006, 920, 543, 384, 1424, 1431, 1326, 694, 145, 1495, 1029, 1482, 1492, 468, 1024, 1228, 234, 1088]

Cluster ID: 1510
Cluster demand: 2974.0
Number of elements: 182
Element IDs:
[934, 1214, 429, 333, 408, 695, 449, 956, 1047, 304, 1116, 1409, 1339, 404, 705, 210, 469, 19, 837, 426, 489, 535, 728, 45, 470, 184, 216, 312, 551, 1269, 645, 224, 385, 399, 541, 777, 459, 317, 104, 1058, 942, 850, 878, 1300, 824, 663, 277, 214, 976, 1285, 195, 1221, 1141, 533, 1429, 1348, 1239, 1384, 708, 1451, 200, 286, 735, 39, 183, 517, 1462, 1277, 1231, 857, 299, 1170, 1400, 47, 1002, 936, 1035, 1237, 335, 804, 1115, 967, 433, 1151, 1199, 337, 528, 992, 44, 1296, 902, 965, 495, 650, 1407, 32, 1000, 675, 100, 16, 925, 186, 522, 1381, 784, 59, 153, 508, 700, 205, 328, 188, 587, 1085, 289, 1075, 112, 137, 367, 941, 18, 621, 1028, 1372, 1337, 1398, 871, 682, 261, 683, 46, 736, 1387, 1003, 619, 1487, 812, 1192, 1163, 1266, 603, 235, 265, 463, 859, 254, 161, 853, 1016, 226, 1038, 380, 1314, 575, 1208, 715, 680, 916, 610, 1466, 937, 422, 446, 1395, 248, 578, 1165, 834, 1218, 732, 670, 1211, 1175, 599, 933, 1169, 987, 1412, 970, 121, 810, 107]

Cluster ID: 1511
Cluster demand: 2920.0
Number of elements: 181
Element IDs:
[744, 125, 1166, 1359, 355, 1143, 686, 119, 910, 642, 950, 462, 53, 886, 788, 1311, 1295, 608, 146, 106, 1104, 854, 1248, 362, 1476, 1477, 654, 1420, 931, 359, 698, 482, 1188, 780, 115, 928, 405, 636, 900, 163, 1226, 839, 17, 1242, 1245, 861, 395, 592, 1448, 445, 737, 496, 677, 1364, 132, 306, 1107, 263, 126, 1478, 1010, 1050, 1493, 94, 1227, 28, 436, 870, 3, 51, 296, 564, 180, 572, 524, 1032, 294, 1194, 1382, 1131, 89, 781, 1262, 1136, 1287, 141, 390, 274, 381, 1101, 989, 387, 785, 752, 1017, 657, 713, 852, 1306, 1198, 638, 1246, 711, 881, 252, 580, 779, 321, 441, 1158, 929, 225, 1030, 1068, 1247, 1069, 594, 702, 612, 138, 99, 896, 1250, 373, 626, 787, 904, 1184, 1039, 34, 152, 628, 843, 1109, 1271, 332, 973, 1005, 168, 43, 35, 1171, 826, 1393, 969, 712, 354, 1294, 939, 783, 320, 894, 948, 1465, 444, 892, 114, 1145, 406, 342, 721, 1470, 391, 236, 585, 431, 811, 474, 1475, 753, 1130, 1099, 228, 717, 1299, 1490, 10, 1343, 1421, 1117, 1307]

Unassigned customers: 0
Depots without assigned customers: 0
