Heuristic: Farthest_First

Solution:
Number of clusters: 11

Cluster ID: 1501
Cluster demand: 2246.0
Number of elements: 149
Element IDs:
[832, 1137, 613, 415, 1320, 880, 276, 864, 471, 194, 1419, 210, 469, 906, 309, 1200, 1054, 23, 1429, 533, 495, 650, 426, 404, 705, 837, 1344, 1480, 1284, 728, 1459, 19, 535, 838, 1141, 1384, 1348, 360, 1339, 489, 593, 943, 708, 37, 388, 1221, 1407, 1403, 470, 902, 965, 45, 497, 449, 956, 1451, 1079, 1431, 1409, 32, 1000, 195, 1047, 955, 200, 1326, 1239, 1116, 1296, 695, 304, 184, 172, 1285, 214, 24, 551, 976, 216, 1453, 1027, 280, 1151, 1199, 675, 1037, 502, 1035, 1324, 946, 337, 994, 408, 277, 936, 1237, 433, 434, 847, 663, 1249, 286, 528, 333, 510, 940, 549, 1333, 856, 1360, 335, 583, 39, 808, 735, 1204, 804, 824, 1002, 967, 557, 456, 794, 47, 1115, 1300, 666, 660, 1462, 1170, 183, 517, 1400, 299, 1124, 857, 1277, 1291, 878, 1231, 1024, 100, 850, 457, 1406, 442, 874, 1065, 984]

Cluster ID: 1502
Cluster demand: 1499.0
Number of elements: 96
Element IDs:
[1393, 319, 1061, 709, 895, 206, 826, 1474, 1352, 969, 427, 905, 1053, 719, 958, 246, 1078, 151, 777, 712, 399, 168, 486, 1005, 492, 459, 1484, 690, 541, 552, 586, 1029, 1139, 1171, 8, 597, 704, 646, 35, 385, 317, 723, 973, 378, 354, 789, 932, 645, 43, 145, 1342, 224, 1294, 1495, 1357, 841, 1303, 104, 1225, 1269, 694, 247, 924, 1109, 641, 312, 749, 61, 332, 222, 84, 1164, 1482, 66, 1275, 1369, 1304, 1058, 350, 806, 873, 1417, 1461, 1492, 453, 1481, 1122, 372, 1250, 673, 336, 99, 326, 625, 896, 942]

Cluster ID: 1503
Cluster demand: 2249.0
Number of elements: 140
Element IDs:
[85, 1072, 1152, 1321, 1206, 561, 1332, 1016, 889, 1430, 1450, 262, 809, 26, 461, 467, 176, 972, 341, 1132, 226, 980, 1499, 1240, 550, 466, 54, 1425, 534, 1312, 374, 256, 1264, 1038, 1397, 179, 185, 1322, 539, 1056, 629, 211, 159, 440, 380, 519, 961, 297, 161, 273, 116, 230, 1319, 71, 947, 253, 848, 853, 1386, 477, 155, 995, 1189, 1, 678, 884, 254, 567, 1042, 480, 2, 302, 1443, 944, 1391, 1314, 1046, 1013, 1087, 439, 805, 604, 80, 1244, 203, 1055, 575, 1426, 644, 1305, 623, 859, 1020, 652, 565, 791, 68, 1162, 478, 198, 241, 1220, 12, 756, 991, 914, 38, 135, 25, 865, 1154, 1399, 692, 1019, 1254, 640, 128, 91, 631, 144, 738, 1018, 954, 822, 369, 393, 691, 1253, 1439, 741, 1467, 616, 1064, 107, 1261, 1215, 703, 803, 428, 281]

Cluster ID: 1504
Cluster demand: 2249.0
Number of elements: 142
Element IDs:
[591, 727, 1028, 665, 1033, 1219, 718, 1491, 621, 1310, 1318, 1341, 63, 18, 1496, 177, 227, 324, 483, 148, 1270, 1125, 458, 816, 772, 913, 174, 1238, 1372, 1396, 311, 823, 41, 792, 999, 95, 1302, 187, 722, 175, 197, 1337, 887, 814, 773, 888, 923, 891, 416, 776, 941, 56, 1293, 156, 669, 945, 1070, 371, 108, 396, 46, 158, 394, 365, 149, 1479, 1203, 545, 1398, 639, 683, 1469, 770, 367, 1110, 476, 845, 574, 960, 76, 165, 233, 710, 1356, 220, 786, 869, 871, 82, 938, 1111, 448, 40, 682, 137, 747, 1210, 630, 820, 1052, 7, 261, 1440, 120, 1494, 829, 935, 110, 912, 1266, 885, 464, 1316, 112, 403, 173, 582, 355, 1143, 815, 1148, 1182, 381, 425, 1424, 1435, 245, 560, 274, 1075, 1379, 387, 752, 686, 785, 1051, 289, 1085, 1378, 1022, 119, 188]

Cluster ID: 1505
Cluster demand: 2248.0
Number of elements: 143
Element IDs:
[102, 437, 4, 536, 142, 1201, 166, 60, 1447, 1483, 1345, 863, 893, 1286, 1178, 239, 1119, 515, 1180, 308, 209, 1213, 598, 540, 133, 700, 170, 488, 1205, 1434, 199, 762, 897, 774, 726, 1181, 1456, 14, 348, 481, 1123, 1288, 303, 795, 508, 1096, 1327, 300, 828, 218, 1234, 191, 1463, 618, 996, 204, 684, 432, 368, 1402, 746, 862, 635, 512, 157, 310, 579, 1334, 790, 129, 295, 1173, 153, 167, 20, 611, 964, 370, 59, 1388, 518, 759, 251, 992, 479, 182, 44, 1103, 764, 656, 778, 793, 244, 79, 782, 1149, 1025, 293, 1354, 73, 1084, 193, 171, 784, 1381, 819, 383, 1323, 1036, 1413, 292, 1193, 1209, 930, 522, 796, 506, 1365, 569, 925, 797, 1368, 830, 1176, 1177, 1081, 268, 407, 981, 186, 563, 240, 1097, 1486, 109, 13, 16, 1062, 131, 1031, 1114, 313, 1441]

Cluster ID: 1506
Cluster demand: 1499.0
Number of elements: 104
Element IDs:
[81, 1015, 982, 607, 732, 835, 282, 450, 97, 55, 1105, 346, 1317, 498, 1362, 670, 1361, 1385, 213, 542, 858, 811, 1292, 1363, 431, 417, 418, 634, 978, 687, 1263, 988, 1185, 69, 908, 840, 1308, 505, 834, 922, 529, 1401, 1375, 83, 1159, 400, 57, 585, 877, 1034, 1411, 1290, 1282, 1165, 1235, 243, 327, 1126, 78, 1340, 377, 249, 651, 1218, 689, 948, 1465, 352, 412, 87, 1172, 968, 578, 49, 1267, 444, 1073, 1229, 755, 114, 1049, 783, 846, 248, 320, 894, 50, 671, 743, 662, 892, 558, 1418, 1475, 1473, 1466, 474, 627, 740, 1099, 648, 127, 1069, 290]

Cluster ID: 1507
Cluster demand: 1499.0
Number of elements: 100
Element IDs:
[67, 202, 1371, 52, 731, 413, 763, 674, 501, 366, 21, 532, 5, 1012, 953, 260, 358, 1135, 113, 766, 98, 546, 1258, 917, 1093, 215, 278, 706, 420, 949, 389, 909, 1067, 707, 77, 1133, 800, 1255, 402, 879, 1077, 257, 590, 1390, 475, 1014, 872, 952, 851, 693, 609, 275, 672, 1301, 767, 279, 1082, 899, 537, 836, 74, 1186, 491, 1335, 1471, 1280, 799, 679, 334, 1217, 844, 283, 1422, 423, 1350, 339, 169, 716, 860, 875, 6, 1449, 136, 318, 659, 758, 1048, 1108, 664, 1146, 1438, 9, 1142, 1279, 1197, 637, 521, 1298, 1009, 1454]

Cluster ID: 1508
Cluster demand: 2246.0
Number of elements: 136
Element IDs:
[725, 1092, 1353, 1191, 33, 105, 667, 307, 93, 228, 599, 681, 868, 933, 963, 237, 1412, 1169, 1490, 1497, 1377, 1343, 1432, 1299, 10, 1274, 987, 140, 1224, 898, 124, 721, 748, 516, 717, 1329, 548, 787, 65, 338, 643, 904, 1184, 353, 301, 514, 1021, 730, 152, 1117, 1307, 62, 322, 1039, 473, 562, 1470, 979, 1007, 1383, 342, 1088, 626, 628, 742, 1236, 217, 406, 843, 810, 34, 207, 1271, 1211, 1063, 391, 513, 272, 615, 1144, 986, 1223, 1145, 750, 1452, 236, 373, 1150, 397, 361, 1202, 745, 267, 1410, 379, 688, 1489, 966, 903, 409, 507, 901, 813, 1175, 1405, 685, 1446, 419, 566, 123, 584, 1113, 600, 1281, 234, 970, 883, 1228, 1130, 1421, 739, 612, 138, 594, 702, 121, 72, 939, 255, 1370, 447, 1187, 753, 798, 468, 446]

Cluster ID: 1509
Cluster demand: 1799.0
Number of elements: 121
Element IDs:
[398, 430, 122, 765, 919, 29, 1086, 111, 499, 1252, 143, 1243, 833, 363, 1098, 201, 219, 697, 975, 959, 86, 1433, 918, 1161, 714, 134, 921, 602, 876, 624, 768, 223, 1268, 284, 1120, 601, 1376, 1414, 1129, 1488, 285, 544, 951, 1168, 1442, 653, 298, 606, 1251, 221, 1283, 118, 490, 1468, 266, 649, 1001, 212, 344, 1167, 595, 414, 1444, 392, 1330, 915, 189, 103, 661, 817, 1415, 356, 147, 484, 485, 852, 1059, 1408, 331, 1437, 934, 330, 1313, 1090, 1404, 1306, 181, 696, 454, 208, 754, 1214, 1259, 713, 632, 855, 1351, 269, 1017, 1367, 520, 657, 568, 421, 429, 581, 1157, 1276, 1423, 1112, 58, 676, 64, 1460, 36, 1153, 757, 451, 523, 827, 1257]

Cluster ID: 1510
Cluster demand: 2917.0
Number of elements: 174
Element IDs:
[452, 1315, 761, 547, 1183, 849, 1138, 364, 1272, 316, 993, 1083, 701, 882, 927, 603, 1349, 375, 238, 1328, 1089, 1331, 605, 376, 386, 525, 614, 264, 1011, 265, 235, 1127, 196, 472, 1100, 1355, 192, 985, 509, 1373, 1260, 1222, 1095, 997, 998, 1076, 1128, 411, 596, 345, 890, 1233, 1457, 1207, 1273, 825, 801, 164, 530, 1134, 622, 1241, 538, 711, 866, 154, 1091, 252, 580, 779, 460, 435, 647, 983, 1389, 493, 588, 1040, 162, 1071, 305, 1246, 1074, 178, 1004, 271, 907, 559, 88, 325, 929, 48, 288, 321, 1195, 881, 1158, 75, 638, 555, 465, 287, 503, 962, 441, 463, 96, 1325, 1232, 1156, 751, 1198, 1080, 250, 225, 270, 620, 724, 1392, 424, 617, 242, 911, 818, 11, 1045, 1196, 259, 1060, 315, 1428, 1147, 117, 15, 771, 1030, 926, 1416, 957, 977, 410, 554, 1068, 101, 1338, 130, 1247, 443, 1155, 401, 343, 610, 916, 937, 422, 680, 715, 1208, 1395, 438, 1043, 1057, 570, 573, 1374, 821, 587, 802, 1106, 1179, 328, 494, 658, 205]

Cluster ID: 1511
Cluster demand: 2988.0
Number of elements: 195
Element IDs:
[870, 436, 3, 51, 296, 28, 564, 232, 619, 1487, 812, 70, 1498, 633, 1192, 1227, 180, 306, 263, 1107, 94, 487, 126, 1364, 132, 1050, 1493, 677, 1427, 572, 1010, 1485, 496, 524, 1140, 571, 1008, 42, 920, 1478, 1194, 668, 760, 737, 150, 351, 1003, 1006, 577, 699, 27, 395, 1121, 294, 1445, 744, 1387, 592, 1448, 1032, 1382, 861, 1347, 1212, 1245, 1023, 867, 445, 125, 349, 1346, 1472, 1458, 974, 553, 781, 1166, 1131, 736, 842, 831, 89, 1359, 543, 1041, 734, 1026, 1366, 1265, 92, 17, 1242, 729, 500, 807, 775, 1044, 229, 1190, 1394, 1455, 1464, 1163, 526, 504, 329, 146, 655, 384, 1101, 340, 455, 1094, 608, 1262, 1104, 1160, 106, 990, 1380, 1336, 1311, 1102, 1295, 357, 1287, 258, 854, 1136, 231, 1216, 1230, 382, 1436, 390, 1248, 190, 141, 527, 576, 1278, 1174, 1297, 556, 788, 160, 720, 30, 1066, 362, 90, 886, 769, 1309, 1118, 989, 314, 347, 910, 971, 839, 31, 22, 53, 323, 291, 1226, 1289, 163, 1256, 642, 511, 1476, 139, 1358, 733, 931, 462, 1420, 950, 1477, 359, 698, 405, 636, 900, 654, 928, 482, 115, 531, 1500, 780, 1188, 589]

Unassigned customers: 0
Depots without assigned customers: 0
