Heuristic: KMEANS

Solution:
Number of clusters: 11

Cluster ID: 1501
Cluster demand: 2249.0
Number of elements: 148
Element IDs:
[1137, 832, 880, 1320, 415, 613, 864, 276, 194, 471, 210, 469, 906, 1419, 23, 309, 1200, 1054, 404, 705, 1344, 426, 837, 1480, 1429, 495, 650, 19, 1459, 533, 838, 728, 1284, 535, 1339, 593, 943, 1141, 37, 360, 489, 1384, 1348, 1403, 388, 1407, 497, 1221, 902, 965, 708, 449, 956, 470, 45, 1409, 1431, 1047, 1079, 1451, 32, 1000, 1116, 955, 695, 1326, 304, 195, 1296, 172, 200, 1239, 24, 184, 1285, 1027, 214, 1037, 280, 551, 1453, 1324, 502, 976, 216, 946, 1151, 1199, 994, 408, 675, 1035, 337, 312, 434, 936, 1237, 847, 1249, 277, 333, 433, 940, 510, 1269, 528, 549, 856, 1360, 1482, 663, 583, 808, 286, 1204, 335, 1333, 645, 429, 557, 456, 794, 224, 1214, 39, 804, 735, 1002, 967, 824, 934, 58, 47, 1115, 660, 1300, 1460, 385, 1170, 1492, 1462, 1153, 183, 517, 1400, 1291, 299, 104]

Cluster ID: 1502
Cluster demand: 1499.0
Number of elements: 89
Element IDs:
[1343, 140, 748, 1412, 124, 1224, 10, 868, 338, 1169, 1490, 730, 217, 987, 237, 1191, 1088, 933, 513, 1063, 1432, 615, 65, 1299, 963, 1092, 473, 725, 105, 1202, 361, 1452, 1021, 745, 599, 1274, 979, 33, 1353, 1489, 207, 301, 507, 548, 901, 379, 1405, 272, 228, 1271, 1497, 813, 667, 843, 332, 516, 717, 307, 1223, 1461, 1150, 1377, 681, 750, 93, 152, 1109, 628, 234, 970, 1421, 904, 1184, 123, 584, 986, 1122, 1228, 409, 787, 1117, 1307, 685, 806, 1410, 1113, 810, 973, 924]

Cluster ID: 1503
Cluster demand: 2250.0
Number of elements: 135
Element IDs:
[617, 859, 954, 962, 12, 503, 68, 691, 692, 463, 1055, 1392, 254, 198, 538, 154, 1426, 161, 853, 866, 345, 822, 135, 1222, 791, 652, 256, 1254, 1389, 558, 1220, 741, 1004, 196, 596, 1020, 1127, 530, 48, 846, 273, 743, 539, 1056, 985, 374, 1267, 1049, 1305, 622, 890, 477, 534, 1162, 1373, 91, 567, 1195, 662, 87, 38, 26, 1233, 159, 882, 1229, 1340, 629, 393, 997, 1235, 176, 972, 565, 1264, 472, 1100, 50, 561, 927, 341, 509, 1439, 1391, 1279, 1009, 96, 9, 440, 203, 637, 375, 1355, 993, 439, 1095, 914, 1399, 178, 525, 435, 1272, 162, 1473, 995, 1189, 1349, 640, 377, 49, 386, 452, 1315, 701, 1280, 1335, 412, 107, 2, 761, 755, 238, 128, 1076, 185, 1322, 1046, 376, 631, 253, 623, 1244, 116, 230, 991]

Cluster ID: 1504
Cluster demand: 2249.0
Number of elements: 146
Element IDs:
[823, 187, 177, 148, 1341, 18, 945, 621, 639, 772, 1203, 1033, 1028, 1052, 941, 1440, 722, 110, 869, 416, 56, 885, 137, 935, 367, 913, 173, 888, 923, 181, 591, 1479, 1494, 1070, 754, 718, 464, 1316, 829, 1259, 770, 1270, 665, 582, 1423, 1125, 208, 727, 887, 451, 396, 175, 245, 560, 112, 63, 1310, 311, 938, 1111, 1356, 792, 999, 1491, 747, 1293, 1219, 1051, 64, 912, 392, 1496, 1318, 330, 266, 118, 95, 36, 227, 458, 816, 403, 653, 221, 324, 960, 174, 483, 1075, 41, 1376, 1414, 1441, 289, 1372, 1120, 1043, 1057, 1330, 1283, 1167, 356, 1442, 676, 601, 158, 394, 773, 624, 189, 574, 1085, 1238, 820, 602, 197, 1337, 156, 589, 1379, 669, 46, 1302, 568, 1396, 134, 1433, 120, 814, 1266, 630, 587, 285, 768, 438, 776, 165, 891, 298, 1424, 1031, 1114, 188, 752, 1276, 855]

Cluster ID: 1505
Cluster demand: 2246.0
Number of elements: 143
Element IDs:
[102, 437, 4, 536, 142, 166, 60, 1201, 1447, 1286, 893, 863, 1345, 1483, 1119, 239, 1178, 515, 1180, 308, 598, 1213, 209, 700, 133, 540, 170, 488, 1434, 1205, 897, 762, 199, 774, 726, 14, 1181, 348, 1456, 481, 1123, 1288, 795, 303, 1327, 1096, 300, 508, 1234, 218, 828, 618, 191, 1463, 996, 684, 204, 432, 862, 746, 512, 635, 1402, 579, 157, 368, 310, 1334, 1173, 790, 129, 167, 295, 153, 370, 611, 20, 964, 59, 251, 759, 992, 1388, 44, 1103, 182, 518, 479, 656, 778, 764, 782, 79, 244, 793, 1149, 1025, 1354, 293, 784, 171, 193, 1381, 73, 1084, 819, 383, 1323, 1036, 930, 292, 1413, 1193, 1209, 522, 796, 925, 569, 506, 1365, 1368, 830, 1176, 797, 981, 186, 268, 407, 1081, 1177, 563, 240, 1097, 109, 1486, 16, 1062, 13, 131, 313, 1112, 1367, 147]

Cluster ID: 1506
Cluster demand: 1500.0
Number of elements: 98
Element IDs:
[811, 346, 607, 431, 1317, 858, 1159, 1362, 877, 417, 1363, 835, 1282, 1034, 1411, 1308, 78, 97, 1375, 81, 352, 982, 249, 1172, 450, 1015, 834, 55, 243, 1292, 1361, 732, 1165, 248, 1475, 585, 474, 578, 1105, 213, 400, 648, 740, 908, 282, 69, 1370, 687, 1263, 1099, 1175, 542, 498, 1218, 418, 634, 670, 529, 1401, 127, 1385, 1130, 505, 753, 290, 978, 114, 988, 1185, 446, 1466, 447, 255, 937, 840, 1145, 1211, 72, 327, 1126, 422, 739, 922, 419, 566, 57, 1290, 627, 83, 1395, 406, 600, 1281, 397, 610, 671, 688, 1007]

Cluster ID: 1507
Cluster demand: 1500.0
Number of elements: 100
Element IDs:
[297, 961, 155, 1042, 211, 1397, 1425, 644, 1, 678, 1319, 480, 805, 980, 1499, 461, 467, 262, 1132, 1240, 25, 865, 1321, 1018, 944, 1443, 604, 369, 1430, 1450, 875, 466, 519, 1386, 1206, 1467, 54, 1312, 809, 550, 1215, 478, 848, 616, 1350, 281, 573, 179, 226, 1217, 1298, 947, 144, 1016, 85, 1142, 716, 703, 491, 1082, 1072, 241, 136, 80, 1019, 851, 1013, 1087, 71, 1152, 879, 1067, 1108, 1374, 428, 77, 1253, 884, 1332, 917, 738, 1038, 1077, 1064, 302, 802, 889, 1261, 113, 821, 803, 215, 899, 570, 98, 5, 1014, 260, 1106, 169]

Cluster ID: 1508
Cluster demand: 2249.0
Number of elements: 146
Element IDs:
[758, 971, 521, 1256, 672, 1301, 318, 659, 609, 30, 952, 1278, 101, 707, 767, 443, 278, 1197, 1174, 1297, 556, 1102, 1094, 22, 402, 420, 1289, 283, 257, 590, 526, 1012, 366, 807, 775, 729, 1380, 1066, 501, 693, 389, 909, 1454, 11, 554, 242, 31, 1258, 831, 229, 1458, 1472, 413, 349, 1346, 329, 706, 160, 1041, 1133, 1146, 511, 455, 860, 751, 52, 67, 1045, 953, 1347, 766, 291, 1336, 836, 555, 6, 771, 202, 1371, 1325, 1445, 844, 734, 867, 620, 763, 325, 1160, 1255, 800, 288, 679, 1080, 668, 1135, 1232, 664, 334, 500, 1428, 493, 339, 546, 358, 769, 1309, 1464, 733, 21, 532, 531, 731, 537, 1422, 27, 907, 1390, 1118, 231, 647, 1438, 674, 655, 1093, 949, 190, 323, 990, 275, 90, 1358, 559, 699, 164, 1230, 1196, 287, 872, 411, 340, 74, 1186, 576, 1216, 347, 1026]

Cluster ID: 1509
Cluster demand: 1800.0
Number of elements: 120
Element IDs:
[414, 915, 1059, 852, 103, 344, 1306, 305, 649, 484, 271, 460, 1351, 1001, 1091, 1488, 713, 1268, 1251, 1161, 975, 1090, 1404, 595, 588, 1040, 801, 201, 1408, 86, 454, 1134, 876, 1444, 219, 1243, 1128, 833, 1198, 223, 632, 1129, 1252, 951, 1457, 921, 1089, 1331, 998, 269, 1086, 697, 143, 614, 122, 825, 638, 1328, 714, 1098, 398, 430, 1246, 959, 1313, 316, 711, 192, 1083, 911, 264, 1011, 117, 29, 696, 983, 757, 363, 259, 765, 919, 1241, 111, 315, 849, 1138, 603, 235, 1273, 1156, 75, 284, 581, 1157, 724, 544, 547, 1183, 881, 265, 977, 520, 657, 364, 270, 827, 212, 1406, 606, 1147, 1017, 817, 499, 605, 523, 331, 252, 580, 918, 15]

Cluster ID: 1510
Cluster demand: 2900.0
Number of elements: 188
Element IDs:
[1164, 873, 1417, 1294, 1304, 354, 247, 641, 1484, 99, 1187, 939, 712, 8, 597, 378, 138, 222, 969, 896, 789, 932, 594, 702, 612, 1275, 401, 1250, 646, 1069, 336, 552, 427, 905, 690, 373, 130, 709, 895, 319, 704, 1352, 1247, 343, 1338, 326, 1068, 34, 957, 1061, 626, 874, 723, 783, 926, 320, 894, 391, 236, 1039, 1495, 1030, 444, 442, 1155, 719, 145, 1342, 492, 562, 1470, 410, 1393, 948, 1465, 984, 1474, 206, 1418, 1357, 892, 486, 586, 1029, 1073, 749, 651, 673, 1065, 694, 968, 818, 1060, 246, 1005, 826, 225, 666, 342, 1124, 1078, 721, 424, 151, 168, 441, 1053, 1158, 465, 399, 43, 929, 958, 777, 321, 250, 88, 1139, 541, 1074, 459, 689, 1071, 35, 1171, 317, 779, 1207, 1369, 841, 1303, 1225, 84, 61, 350, 453, 372, 353, 66, 898, 1058, 625, 322, 1481, 1383, 1329, 942, 850, 798, 468, 643, 1144, 878, 267, 903, 742, 1236, 62, 966, 883, 514, 1024, 1446, 485, 916, 1168, 121, 490, 1468, 661, 1437, 1277, 680, 1231, 1415, 715, 857, 1208, 100, 457, 756, 1154, 575, 380, 1314, 799, 1449, 1179]

Cluster ID: 1511
Cluster demand: 2997.0
Number of elements: 187
Element IDs:
[633, 812, 571, 1498, 487, 232, 744, 70, 1192, 1487, 125, 1006, 351, 920, 1359, 619, 1166, 1265, 3, 51, 1364, 1394, 1455, 1245, 870, 436, 496, 677, 737, 395, 1003, 861, 1387, 180, 296, 355, 17, 1242, 306, 382, 592, 1448, 132, 736, 445, 28, 261, 1311, 564, 527, 1436, 1295, 1194, 1107, 686, 682, 263, 146, 608, 871, 572, 1382, 1143, 1227, 1140, 7, 294, 788, 126, 910, 1469, 94, 119, 1398, 543, 886, 106, 1131, 683, 524, 642, 1023, 545, 89, 108, 781, 53, 1478, 1050, 1493, 82, 1032, 1010, 842, 425, 1104, 1226, 1101, 163, 150, 839, 950, 1008, 1163, 462, 381, 854, 371, 1427, 974, 1022, 815, 1248, 1485, 760, 1287, 476, 845, 40, 42, 390, 1262, 1136, 577, 274, 149, 76, 141, 384, 786, 1121, 362, 405, 636, 1210, 931, 900, 1212, 1110, 1500, 1420, 359, 928, 1476, 698, 92, 258, 365, 233, 710, 387, 989, 115, 553, 720, 1477, 1044, 1148, 1182, 482, 780, 1366, 1435, 785, 654, 1190, 1378, 504, 1257, 357, 139, 1188, 421, 448, 1416, 220, 314, 1260, 494, 328, 423, 658, 1471, 279, 475, 205, 1048]

Unassigned customers: 0
Depots without assigned customers: 0
