Heuristic: NearestByDepot

Solution:
Number of clusters: 11

Cluster ID: 1507
Cluster demand: 1500.0
Number of elements: 91
Element IDs:
[519, 1443, 604, 1312, 466, 1319, 980, 1499, 550, 480, 947, 1132, 179, 478, 80, 1425, 241, 1013, 1087, 226, 71, 262, 961, 1206, 297, 211, 1321, 461, 467, 1430, 1450, 1240, 809, 54, 944, 1386, 848, 1350, 1264, 1217, 491, 159, 884, 851, 1067, 203, 917, 215, 1279, 1014, 565, 1305, 98, 1093, 9, 1162, 358, 1280, 1390, 1335, 91, 393, 1255, 953, 766, 334, 637, 1009, 706, 679, 1258, 1195, 96, 366, 860, 1146, 278, 1232, 890, 620, 283, 952, 162, 907, 509, 1325, 402, 1355, 672, 1301, 927]

Cluster ID: 1506
Cluster demand: 1500.0
Number of elements: 95
Element IDs:
[1154, 1244, 623, 756, 991, 1046, 575, 253, 116, 230, 631, 128, 1208, 1314, 380, 715, 640, 680, 1038, 107, 916, 1439, 610, 302, 671, 1466, 422, 937, 741, 662, 822, 1218, 1395, 446, 578, 400, 327, 1126, 1049, 1165, 1235, 87, 529, 1401, 908, 834, 1292, 248, 418, 634, 213, 1375, 55, 1363, 542, 1105, 732, 835, 858, 1034, 1411, 1317, 1282, 346, 753, 1475, 1159, 352, 1385, 877, 474, 1172, 78, 607, 811, 1370, 83, 431, 81, 447, 1362, 1015, 249, 982, 417, 648, 97, 450, 1308, 255, 412, 72, 740, 988, 290]

Cluster ID: 1502
Cluster demand: 1500.0
Number of elements: 97
Element IDs:
[798, 1481, 66, 350, 61, 84, 453, 841, 1303, 625, 1225, 372, 468, 35, 1369, 1139, 1171, 1058, 942, 104, 806, 1053, 151, 850, 924, 168, 958, 43, 1122, 1228, 459, 1005, 234, 826, 777, 317, 1461, 541, 970, 973, 1492, 206, 1474, 379, 399, 1421, 1393, 878, 486, 332, 719, 1452, 385, 1061, 1405, 1489, 361, 1300, 1078, 824, 1024, 901, 1271, 1482, 246, 473, 277, 319, 663, 224, 1109, 1202, 1088, 843, 723, 709, 895, 338, 704, 976, 214, 645, 690, 615, 628, 1352, 586, 1029, 1285, 216, 312, 987, 969, 124, 1239, 378, 1484]

Cluster ID: 1509
Cluster demand: 1800.0
Number of elements: 124
Element IDs:
[344, 1268, 201, 649, 975, 414, 1001, 1161, 103, 915, 1243, 1488, 86, 833, 219, 876, 223, 484, 1059, 1251, 1252, 143, 852, 697, 122, 595, 398, 430, 1086, 1098, 1306, 1090, 1404, 1351, 271, 921, 305, 1129, 1444, 460, 714, 713, 1091, 588, 1040, 801, 632, 1134, 284, 1128, 1313, 606, 1457, 998, 1331, 825, 1089, 614, 1328, 520, 657, 259, 331, 1017, 192, 724, 983, 316, 1156, 75, 264, 1011, 1083, 1241, 1147, 235, 1273, 270, 603, 849, 1138, 265, 547, 1183, 364, 1257, 1416, 605, 15, 1260, 287, 1196, 761, 559, 1207, 139, 238, 376, 452, 1315, 347, 929, 1428, 164, 701, 720, 647, 323, 1076, 1074, 1080, 1118, 1071, 88, 771, 288, 258, 1045, 190, 291, 231, 511, 734, 627]

Cluster ID: 1505
Cluster demand: 2250.0
Number of elements: 138
Element IDs:
[579, 1096, 635, 656, 778, 157, 348, 251, 167, 1381, 479, 784, 522, 762, 1288, 569, 1173, 774, 746, 182, 764, 828, 186, 1368, 308, 1025, 1434, 14, 598, 862, 1149, 60, 79, 925, 193, 1103, 481, 292, 863, 1181, 4, 536, 170, 142, 1213, 1234, 1345, 293, 16, 20, 563, 1062, 1119, 102, 133, 819, 204, 897, 239, 795, 992, 1178, 209, 437, 1447, 1115, 1365, 967, 1201, 457, 166, 1286, 268, 407, 804, 335, 433, 47, 528, 893, 515, 1036, 1180, 1400, 1483, 1237, 337, 100, 1002, 1081, 240, 1097, 13, 540, 1170, 1151, 1199, 299, 1035, 1205, 59, 191, 1463, 936, 857, 700, 153, 488, 1231, 1333, 1277, 432, 1462, 790, 508, 295, 675, 964, 129, 793, 1334, 517, 518, 1388, 73, 39, 183, 286, 735, 205, 658, 165, 220, 222, 34, 904, 516, 562]

Cluster ID: 1503
Cluster demand: 2250.0
Number of elements: 139
Element IDs:
[995, 1189, 440, 2, 185, 1322, 439, 629, 341, 1391, 176, 889, 972, 477, 534, 1332, 914, 1152, 1399, 1072, 26, 85, 652, 853, 561, 1426, 161, 254, 1055, 1016, 256, 68, 692, 374, 859, 539, 1056, 691, 558, 954, 273, 846, 617, 12, 198, 567, 505, 962, 1392, 463, 791, 503, 1020, 1267, 135, 1220, 840, 1254, 38, 743, 1340, 538, 154, 282, 866, 1229, 498, 345, 48, 1004, 1389, 922, 530, 1222, 622, 596, 50, 196, 985, 1127, 1373, 1233, 377, 997, 49, 670, 882, 1473, 472, 1100, 178, 435, 1095, 755, 689, 375, 978, 57, 993, 525, 1185, 1361, 1349, 1272, 386, 1290, 687, 1263, 250, 69, 243, 968, 651, 585, 1073, 424, 1060, 1130, 1418, 948, 1465, 444, 1099, 1175, 127, 739, 114, 783, 419, 566, 600, 1281, 883, 320, 894, 892, 1145, 397, 1211]

Cluster ID: 1504
Cluster demand: 2249.0
Number of elements: 145
Element IDs:
[639, 869, 754, 208, 1052, 181, 416, 722, 148, 823, 1070, 888, 923, 330, 912, 118, 1356, 653, 913, 1341, 266, 396, 1259, 110, 187, 356, 392, 1167, 177, 1442, 173, 621, 676, 1033, 1120, 1423, 18, 887, 1376, 1414, 1440, 221, 568, 602, 885, 1028, 945, 134, 1270, 624, 601, 451, 1283, 792, 999, 1433, 1203, 1330, 772, 64, 935, 820, 1276, 36, 752, 941, 63, 137, 245, 421, 560, 591, 464, 785, 1316, 582, 1310, 1494, 56, 158, 394, 630, 1051, 1378, 367, 387, 727, 829, 665, 718, 1479, 274, 1372, 112, 1219, 1491, 770, 1125, 227, 324, 989, 1318, 175, 1496, 311, 938, 1111, 141, 747, 289, 1238, 1293, 483, 458, 816, 95, 1075, 174, 403, 41, 1085, 1396, 960, 773, 814, 1379, 669, 574, 776, 120, 365, 1266, 233, 710, 448, 1464, 500, 1148, 1182, 1435, 1458, 1347, 900, 780, 1420]

Cluster ID: 1501
Cluster demand: 2250.0
Number of elements: 149
Element IDs:
[523, 581, 696, 1157, 827, 808, 1249, 557, 660, 757, 940, 994, 946, 1324, 1204, 951, 269, 856, 1360, 1406, 24, 1291, 847, 502, 1116, 977, 959, 172, 1408, 1409, 117, 454, 497, 315, 911, 1198, 1339, 280, 19, 1124, 404, 705, 638, 837, 666, 549, 469, 1065, 210, 426, 955, 489, 984, 673, 1246, 1453, 442, 881, 1155, 1431, 535, 874, 711, 1326, 194, 410, 1320, 1137, 326, 343, 728, 880, 749, 45, 441, 470, 1338, 832, 252, 580, 779, 321, 1357, 694, 1495, 336, 276, 926, 145, 613, 1342, 551, 1429, 1275, 130, 957, 401, 533, 1158, 1269, 1141, 184, 1221, 646, 195, 492, 789, 932, 552, 225, 1348, 8, 597, 1030, 427, 905, 1187, 465, 712, 354, 818, 1294, 1068, 873, 1417, 1247, 1164, 1304, 939, 247, 1069, 641, 99, 594, 138, 612, 896, 1250, 373, 236, 626, 391, 1184, 787, 342, 599, 406, 1169, 93]

Cluster ID: 1508
Cluster demand: 2250.0
Number of elements: 149
Element IDs:
[1106, 1374, 428, 802, 821, 1179, 703, 803, 144, 1261, 616, 1253, 1064, 1019, 738, 25, 865, 369, 644, 281, 573, 1215, 1042, 1467, 1018, 155, 1397, 1298, 1, 678, 805, 1142, 875, 1108, 136, 570, 716, 1082, 1048, 879, 899, 1449, 1077, 77, 169, 799, 475, 113, 260, 279, 5, 1471, 674, 731, 21, 532, 546, 423, 1135, 949, 763, 202, 1371, 872, 67, 52, 275, 74, 1186, 413, 537, 800, 501, 1012, 1133, 1422, 389, 909, 420, 339, 836, 844, 1438, 707, 693, 257, 590, 664, 767, 609, 6, 318, 659, 531, 758, 1454, 1197, 751, 521, 493, 325, 555, 1289, 22, 101, 242, 11, 733, 971, 1066, 556, 411, 1358, 1256, 1278, 443, 769, 1309, 1380, 30, 90, 314, 1094, 1174, 1297, 526, 1102, 554, 229, 1230, 576, 729, 1041, 807, 31, 831, 775, 1216, 349, 1346, 1472, 357, 504, 1026, 1366, 1190, 553, 1212, 92]

Cluster ID: 1510
Cluster demand: 2958.0
Number of elements: 187
Element IDs:
[934, 1214, 429, 485, 58, 333, 1460, 212, 1153, 1168, 817, 1112, 490, 544, 1468, 434, 661, 1037, 408, 1367, 1437, 1027, 456, 794, 363, 147, 304, 111, 695, 1047, 1415, 449, 918, 956, 981, 29, 499, 930, 765, 919, 109, 298, 510, 830, 1176, 285, 768, 855, 1344, 593, 943, 383, 1323, 583, 1354, 189, 1403, 1480, 23, 759, 37, 838, 1459, 171, 782, 906, 438, 512, 684, 370, 902, 965, 218, 300, 1402, 1031, 1114, 1296, 44, 1123, 1327, 1043, 1057, 611, 864, 1441, 495, 650, 415, 310, 996, 726, 309, 1200, 471, 1456, 1407, 1284, 589, 1054, 618, 1419, 32, 1193, 1209, 388, 303, 360, 199, 796, 1000, 1486, 1384, 1079, 708, 368, 797, 1413, 1084, 313, 1451, 1177, 131, 587, 200, 244, 188, 328, 506, 494, 1424, 340, 990, 702, 655, 1160, 160, 1336, 455, 329, 1039, 152, 1470, 717, 721, 1299, 228, 933, 1490, 10, 105, 33, 307, 1412, 1092, 1353, 140, 1343, 725, 748, 667, 1191, 217, 1224, 513, 868, 1063, 681, 237, 730, 963, 507, 1432, 745, 65, 548, 1021, 813, 979, 207, 272, 1150, 123, 584, 409, 1113, 121]

Cluster ID: 1511
Cluster demand: 2932.0
Number of elements: 186
Element IDs:
[744, 487, 633, 125, 812, 571, 351, 1359, 70, 1166, 232, 1498, 1487, 619, 1192, 1006, 1265, 920, 1387, 3, 51, 1394, 1455, 1003, 355, 736, 261, 870, 1245, 180, 382, 436, 1364, 682, 871, 296, 1194, 496, 677, 737, 395, 527, 686, 7, 17, 861, 1242, 1311, 1382, 1469, 564, 1143, 1398, 1436, 28, 294, 306, 572, 592, 683, 1448, 1295, 132, 445, 545, 1131, 910, 82, 108, 119, 46, 156, 788, 1107, 608, 89, 146, 263, 781, 886, 524, 642, 1101, 1227, 197, 1337, 425, 1032, 1140, 126, 381, 371, 94, 53, 106, 1302, 543, 476, 845, 891, 1287, 40, 390, 815, 150, 1022, 1023, 1226, 149, 950, 1136, 1262, 76, 1050, 1493, 462, 1478, 163, 1010, 842, 839, 1104, 786, 1210, 1427, 1008, 1110, 867, 668, 854, 1485, 1163, 1445, 1248, 42, 760, 974, 1500, 577, 405, 636, 699, 27, 931, 1121, 384, 928, 362, 359, 698, 115, 1476, 1477, 482, 1044, 654, 1188, 353, 322, 898, 688, 1007, 1383, 1329, 903, 1144, 267, 966, 643, 1377, 742, 1236, 1497, 62, 1274, 514, 1117, 1307, 301, 810, 1223, 986, 750, 1410, 685, 1446]

Unassigned customers: 0
Depots without assigned customers: 0
