Heuristic: NearestByCustomer

Solution:
Number of clusters: 11

Cluster ID: 1501
Cluster demand: 2250.0
Number of elements: 146
Element IDs:
[8, 19, 24, 45, 88, 117, 130, 145, 172, 194, 210, 225, 250, 269, 276, 280, 315, 320, 321, 326, 336, 343, 401, 404, 410, 415, 424, 426, 441, 442, 444, 465, 469, 470, 471, 489, 497, 502, 523, 533, 535, 549, 551, 552, 557, 581, 594, 597, 613, 646, 651, 660, 666, 673, 694, 696, 702, 705, 709, 712, 717, 719, 721, 723, 725, 728, 730, 745, 748, 749, 750, 757, 777, 783, 787, 789, 798, 806, 808, 813, 817, 818, 824, 826, 827, 832, 837, 841, 843, 847, 850, 856, 868, 873, 874, 878, 881, 892, 894, 895, 896, 901, 905, 911, 924, 926, 929, 932, 933, 939, 940, 942, 946, 948, 955, 957, 958, 963, 968, 969, 970, 973, 976, 977, 979, 984, 987, 994, 1005, 1021, 1029, 1030, 1039, 1053, 1058, 1060, 1061, 1063, 1065, 1068, 1069, 1073, 1074, 1078, 1088, 1090]

Cluster ID: 1509
Cluster demand: 1800.0
Number of elements: 113
Element IDs:
[11, 15, 29, 75, 86, 101, 103, 122, 139, 143, 162, 164, 192, 201, 219, 223, 235, 238, 242, 252, 259, 264, 265, 270, 271, 284, 287, 288, 305, 316, 318, 323, 325, 344, 347, 364, 375, 376, 386, 398, 411, 414, 430, 435, 452, 454, 460, 472, 484, 493, 509, 511, 520, 525, 547, 554, 555, 559, 580, 588, 595, 603, 605, 614, 632, 638, 647, 649, 657, 659, 697, 701, 711, 713, 714, 724, 751, 761, 765, 771, 779, 801, 825, 833, 849, 852, 876, 882, 907, 915, 919, 921, 927, 951, 959, 975, 983, 993, 998, 1001, 1011, 1017, 1040, 1045, 1059, 1071, 1076, 1080, 1083, 1086, 1091, 1095, 1128]

Cluster ID: 1507
Cluster demand: 1500.0
Number of elements: 98
Element IDs:
[1, 5, 21, 25, 52, 54, 67, 71, 74, 77, 80, 98, 113, 136, 155, 169, 179, 202, 211, 215, 226, 241, 257, 260, 262, 275, 278, 279, 297, 302, 339, 358, 366, 369, 389, 402, 413, 420, 423, 461, 466, 467, 475, 478, 480, 491, 501, 519, 532, 537, 546, 550, 590, 604, 644, 674, 678, 693, 706, 707, 716, 731, 738, 763, 766, 799, 800, 805, 809, 836, 844, 848, 851, 865, 872, 875, 879, 884, 899, 909, 917, 944, 947, 949, 952, 953, 961, 980, 1012, 1013, 1014, 1018, 1019, 1038, 1042, 1067, 1082, 1186]

Cluster ID: 1503
Cluster demand: 2250.0
Number of elements: 141
Element IDs:
[2, 9, 12, 26, 38, 48, 49, 50, 55, 57, 68, 69, 81, 83, 85, 87, 91, 96, 97, 107, 116, 135, 154, 159, 161, 176, 178, 185, 196, 198, 203, 213, 230, 243, 254, 256, 273, 282, 283, 327, 334, 341, 345, 346, 374, 377, 393, 400, 412, 417, 418, 431, 439, 440, 450, 463, 477, 498, 503, 505, 529, 530, 534, 538, 539, 542, 558, 561, 565, 567, 585, 596, 607, 617, 620, 622, 629, 634, 637, 640, 652, 662, 670, 671, 679, 687, 689, 691, 692, 732, 741, 743, 755, 791, 811, 822, 834, 835, 840, 846, 853, 858, 859, 860, 866, 889, 890, 908, 914, 922, 954, 962, 972, 978, 982, 985, 988, 995, 997, 1004, 1009, 1015, 1016, 1020, 1049, 1055, 1056, 1072, 1092, 1093, 1100, 1105, 1126, 1127, 1132, 1135, 1145, 1146, 1152, 1165, 1206]

Cluster ID: 1505
Cluster demand: 2250.0
Number of elements: 139
Element IDs:
[4, 13, 14, 16, 20, 32, 44, 47, 59, 60, 73, 79, 100, 102, 129, 133, 142, 153, 157, 166, 167, 170, 182, 186, 191, 193, 199, 204, 209, 239, 240, 244, 251, 268, 292, 293, 295, 299, 303, 308, 335, 337, 348, 360, 368, 388, 407, 432, 433, 437, 457, 479, 481, 488, 506, 508, 515, 517, 518, 522, 528, 536, 540, 563, 569, 579, 598, 635, 656, 675, 700, 726, 735, 746, 762, 764, 774, 778, 784, 790, 793, 795, 804, 819, 828, 857, 862, 863, 893, 897, 925, 936, 964, 967, 992, 1000, 1002, 1024, 1025, 1035, 1036, 1062, 1079, 1081, 1096, 1097, 1103, 1115, 1119, 1123, 1149, 1151, 1170, 1173, 1178, 1180, 1181, 1199, 1201, 1205, 1213, 1231, 1234, 1237, 1277, 1286, 1288, 1327, 1333, 1334, 1345, 1365, 1368, 1381, 1388, 1400, 1407, 1419, 1424]

Cluster ID: 1510
Cluster demand: 3000.0
Number of elements: 196
Element IDs:
[23, 37, 58, 109, 111, 147, 171, 212, 218, 285, 298, 300, 304, 309, 310, 333, 363, 370, 383, 408, 429, 434, 438, 449, 456, 485, 490, 495, 499, 510, 512, 544, 583, 593, 611, 618, 650, 661, 684, 695, 759, 768, 782, 794, 830, 838, 855, 864, 880, 902, 906, 918, 930, 934, 943, 956, 965, 981, 996, 1027, 1031, 1037, 1047, 1054, 1089, 1098, 1109, 1112, 1114, 1116, 1122, 1124, 1134, 1137, 1138, 1139, 1141, 1153, 1155, 1157, 1158, 1161, 1164, 1168, 1169, 1171, 1176, 1183, 1184, 1187, 1198, 1200, 1202, 1204, 1207, 1214, 1221, 1225, 1228, 1239, 1243, 1246, 1247, 1249, 1250, 1251, 1252, 1268, 1269, 1271, 1272, 1275, 1284, 1285, 1291, 1294, 1295, 1296, 1297, 1299, 1300, 1302, 1303, 1304, 1306, 1307, 1310, 1311, 1313, 1315, 1316, 1320, 1323, 1324, 1325, 1326, 1328, 1329, 1330, 1331, 1336, 1337, 1338, 1339, 1340, 1341, 1342, 1343, 1344, 1346, 1347, 1348, 1349, 1351, 1352, 1353, 1354, 1355, 1356, 1357, 1359, 1360, 1361, 1362, 1364, 1367, 1369, 1372, 1373, 1377, 1378, 1379, 1382, 1383, 1384, 1385, 1387, 1393, 1394, 1396, 1398, 1402, 1403, 1404, 1405, 1406, 1408, 1409, 1412, 1413, 1414, 1415, 1416, 1417, 1420, 1428]

Cluster ID: 1511
Cluster demand: 3000.0
Number of elements: 198
Element IDs:
[3, 6, 7, 17, 22, 27, 28, 30, 31, 40, 42, 46, 51, 53, 70, 76, 82, 89, 90, 92, 94, 106, 108, 115, 119, 125, 126, 132, 141, 146, 149, 150, 156, 160, 163, 180, 190, 197, 229, 231, 232, 233, 258, 261, 263, 291, 294, 296, 306, 314, 329, 340, 349, 351, 355, 357, 359, 362, 365, 371, 381, 382, 384, 390, 395, 405, 425, 436, 443, 445, 455, 462, 476, 482, 487, 496, 500, 504, 521, 524, 526, 527, 531, 543, 545, 553, 556, 564, 571, 572, 576, 577, 592, 608, 609, 619, 633, 636, 642, 654, 655, 664, 668, 672, 677, 682, 683, 686, 698, 699, 710, 720, 729, 733, 734, 736, 737, 744, 758, 760, 767, 769, 775, 780, 781, 786, 788, 807, 812, 815, 831, 839, 842, 845, 854, 861, 867, 870, 871, 886, 891, 900, 910, 920, 928, 931, 950, 971, 974, 990, 1003, 1006, 1008, 1010, 1022, 1023, 1026, 1032, 1041, 1044, 1050, 1066, 1094, 1101, 1102, 1104, 1107, 1110, 1118, 1121, 1131, 1136, 1140, 1143, 1148, 1160, 1163, 1166, 1174, 1182, 1188, 1190, 1192, 1194, 1197, 1210, 1212, 1216, 1226, 1227, 1230, 1242, 1245, 1248, 1256, 1262, 1301, 1438]

Cluster ID: 1504
Cluster demand: 2250.0
Number of elements: 148
Element IDs:
[18, 36, 41, 56, 63, 64, 95, 110, 112, 118, 120, 131, 134, 137, 148, 158, 165, 173, 174, 175, 177, 181, 187, 188, 189, 205, 208, 220, 221, 227, 245, 266, 274, 289, 311, 313, 324, 328, 330, 331, 356, 367, 387, 392, 394, 396, 403, 416, 421, 448, 451, 458, 464, 483, 494, 560, 568, 574, 582, 587, 589, 591, 601, 602, 606, 621, 624, 630, 639, 653, 658, 665, 669, 676, 718, 722, 727, 747, 752, 754, 770, 772, 773, 776, 785, 792, 796, 797, 814, 816, 820, 823, 829, 869, 885, 887, 888, 912, 913, 923, 935, 938, 941, 945, 960, 989, 999, 1028, 1033, 1043, 1051, 1052, 1057, 1070, 1075, 1084, 1085, 1111, 1120, 1125, 1129, 1147, 1156, 1167, 1177, 1193, 1196, 1203, 1209, 1219, 1238, 1241, 1257, 1259, 1260, 1265, 1266, 1270, 1273, 1276, 1278, 1283, 1287, 1289, 1293, 1318, 1376, 1498]

Cluster ID: 1508
Cluster demand: 2141.0
Number of elements: 131
Element IDs:
[144, 281, 428, 570, 573, 616, 703, 802, 803, 821, 1048, 1064, 1077, 1087, 1106, 1108, 1133, 1142, 1179, 1215, 1217, 1240, 1253, 1258, 1261, 1298, 1309, 1312, 1314, 1317, 1319, 1321, 1322, 1332, 1335, 1350, 1358, 1363, 1366, 1370, 1371, 1374, 1375, 1380, 1386, 1389, 1390, 1391, 1392, 1395, 1397, 1399, 1401, 1411, 1418, 1421, 1422, 1423, 1425, 1426, 1427, 1429, 1430, 1431, 1432, 1433, 1434, 1435, 1436, 1437, 1439, 1440, 1441, 1442, 1443, 1444, 1445, 1446, 1447, 1448, 1449, 1450, 1451, 1452, 1453, 1454, 1455, 1456, 1457, 1458, 1459, 1460, 1461, 1462, 1463, 1464, 1465, 1466, 1467, 1468, 1469, 1470, 1471, 1472, 1473, 1474, 1475, 1476, 1477, 1478, 1479, 1480, 1481, 1482, 1483, 1484, 1485, 1486, 1487, 1488, 1489, 1490, 1491, 1492, 1493, 1494, 1495, 1496, 1497, 1499, 1500]

Cluster ID: 1502
Cluster demand: 1499.0
Number of elements: 100
Element IDs:
[10, 33, 34, 35, 39, 43, 61, 62, 65, 66, 84, 93, 99, 104, 105, 114, 121, 123, 124, 138, 140, 151, 152, 168, 183, 184, 195, 200, 206, 207, 214, 216, 217, 222, 224, 228, 234, 236, 237, 246, 247, 272, 277, 286, 301, 307, 312, 317, 319, 322, 332, 338, 342, 350, 353, 354, 361, 372, 373, 378, 379, 385, 391, 399, 406, 409, 427, 453, 459, 468, 473, 486, 492, 507, 513, 514, 516, 541, 548, 562, 584, 586, 599, 612, 615, 625, 626, 627, 628, 641, 643, 645, 663, 667, 681, 685, 690, 704, 708, 904]

Cluster ID: 1506
Cluster demand: 1499.0
Number of elements: 90
Element IDs:
[72, 78, 127, 128, 248, 249, 253, 255, 267, 290, 352, 380, 397, 419, 422, 446, 447, 474, 566, 575, 578, 600, 610, 623, 631, 648, 680, 688, 715, 739, 740, 742, 753, 756, 810, 877, 883, 898, 903, 916, 937, 966, 986, 991, 1007, 1034, 1046, 1099, 1113, 1117, 1130, 1144, 1150, 1154, 1159, 1162, 1172, 1175, 1185, 1189, 1191, 1195, 1208, 1211, 1218, 1220, 1222, 1223, 1224, 1229, 1232, 1233, 1235, 1236, 1244, 1254, 1255, 1263, 1264, 1267, 1274, 1279, 1280, 1281, 1282, 1290, 1292, 1305, 1308, 1410]

Unassigned customers: 0
Depots without assigned customers: 0
