Heuristic: RandomByElement

Solution:
Number of clusters: 11

Cluster ID: 1506
Cluster demand: 1500.0
Number of elements: 89
Element IDs:
[878, 737, 184, 303, 242, 28, 415, 848, 942, 1076, 997, 365, 727, 912, 716, 1359, 696, 437, 652, 1457, 1060, 1080, 513, 757, 1376, 1416, 586, 279, 1342, 34, 102, 746, 1122, 1095, 1078, 6, 308, 133, 430, 1157, 316, 1201, 523, 1088, 939, 1195, 166, 1488, 965, 1218, 1446, 1338, 294, 1451, 1474, 68, 1367, 783, 1333, 1497, 653, 1092, 1202, 262, 1383, 691, 910, 482, 600, 281, 1014, 1292, 992, 627, 289, 1302, 1057, 819, 591, 158, 520, 66, 1155, 52, 1166, 257, 1242, 477, 1498]

Cluster ID: 1507
Cluster demand: 1500.0
Number of elements: 103
Element IDs:
[925, 1, 10, 1031, 1250, 297, 739, 1253, 411, 712, 50, 593, 1271, 1191, 63, 1007, 1219, 645, 1032, 728, 1465, 204, 1251, 153, 390, 1293, 633, 1343, 818, 1024, 683, 1058, 1216, 1112, 529, 1492, 1341, 543, 1070, 835, 1315, 626, 276, 1099, 956, 300, 937, 1413, 1462, 517, 1069, 124, 820, 550, 1222, 1158, 505, 416, 59, 801, 1434, 1352, 1010, 1364, 519, 329, 84, 856, 131, 21, 351, 1029, 252, 1230, 759, 472, 232, 594, 382, 465, 554, 421, 713, 836, 278, 1226, 770, 887, 1016, 907, 1282, 1349, 1176, 807, 1259, 658, 1140, 768, 588, 1391, 1174, 1405, 632]

Cluster ID: 1509
Cluster demand: 1800.0
Number of elements: 116
Element IDs:
[1473, 49, 1427, 855, 707, 146, 181, 349, 816, 370, 1353, 680, 1132, 828, 941, 613, 18, 575, 1130, 155, 872, 51, 1180, 1309, 1422, 357, 914, 1234, 886, 70, 41, 1194, 157, 1344, 263, 231, 1187, 127, 863, 508, 957, 731, 1110, 273, 175, 527, 81, 325, 187, 961, 1390, 994, 391, 661, 453, 1439, 774, 3, 697, 955, 1156, 1306, 1160, 559, 1463, 1256, 800, 962, 332, 795, 1068, 372, 1430, 1159, 579, 1264, 947, 405, 1345, 531, 456, 1485, 342, 488, 1137, 1009, 284, 1086, 785, 1288, 1467, 629, 328, 1013, 1145, 880, 215, 272, 1412, 1298, 95, 319, 1314, 226, 429, 375, 900, 253, 180, 285, 1336, 7, 1085, 999, 1161, 1319]

Cluster ID: 1502
Cluster demand: 1499.0
Number of elements: 95
Element IDs:
[1460, 753, 584, 590, 616, 454, 86, 368, 428, 1493, 364, 667, 94, 946, 1012, 815, 491, 1204, 448, 241, 781, 1425, 969, 334, 893, 1257, 1043, 892, 684, 901, 207, 1312, 950, 972, 326, 293, 1020, 1200, 522, 905, 277, 407, 147, 19, 516, 1255, 1379, 56, 1363, 1118, 420, 37, 1098, 695, 1428, 119, 1375, 750, 602, 1059, 1335, 558, 71, 324, 1005, 259, 292, 959, 805, 290, 854, 839, 938, 896, 908, 977, 336, 1090, 134, 877, 1065, 1408, 260, 1022, 1238, 973, 254, 191, 356, 1050, 1372, 104, 1039, 1300, 196]

Cluster ID: 1504
Cluster demand: 2249.0
Number of elements: 139
Element IDs:
[655, 490, 587, 648, 610, 1456, 108, 83, 503, 176, 496, 1192, 441, 40, 1464, 682, 436, 54, 286, 916, 47, 1225, 557, 601, 64, 989, 717, 311, 808, 46, 248, 432, 1307, 518, 116, 1495, 1472, 1279, 379, 1045, 90, 492, 200, 1360, 1217, 668, 427, 1136, 443, 935, 540, 585, 67, 812, 606, 1087, 1269, 963, 1075, 498, 824, 327, 773, 758, 847, 256, 317, 322, 128, 245, 76, 403, 1299, 179, 1429, 582, 466, 1478, 340, 692, 1147, 1285, 1108, 105, 452, 860, 634, 861, 1294, 1053, 751, 218, 61, 234, 678, 227, 210, 1119, 576, 817, 767, 809, 399, 612, 852, 504, 473, 1392, 72, 1304, 871, 1283, 1246, 1281, 870, 552, 238, 566, 1330, 754, 1459, 130, 480, 173, 1001, 103, 734, 1047, 1436, 687, 902, 1322, 117, 526, 1481, 1169, 55, 642, 930]

Cluster ID: 1508
Cluster demand: 2250.0
Number of elements: 137
Element IDs:
[1096, 393, 298, 143, 693, 1072, 202, 85, 331, 107, 341, 1252, 1221, 383, 1450, 996, 689, 461, 344, 206, 703, 1357, 1074, 1089, 1346, 553, 885, 726, 1424, 212, 1361, 1365, 803, 644, 826, 1370, 889, 148, 1452, 544, 1374, 82, 1077, 251, 287, 450, 213, 869, 1240, 460, 561, 1015, 1444, 397, 1138, 424, 141, 239, 1128, 1143, 1280, 1396, 1033, 1103, 1154, 709, 1484, 715, 599, 1083, 985, 741, 244, 1348, 1276, 1479, 581, 343, 1366, 190, 1411, 1354, 1324, 882, 185, 853, 802, 1134, 686, 810, 1477, 1397, 142, 110, 499, 1274, 821, 377, 1291, 385, 1500, 636, 782, 897, 777, 1125, 1123, 1055, 859, 649, 663, 444, 764, 776, 789, 620, 1054, 44, 29, 881, 1171, 922, 348, 246, 832, 220, 1426, 126, 1097, 1290, 749, 1337, 1433, 1305, 511, 611, 113]

Cluster ID: 1505
Cluster demand: 2249.0
Number of elements: 147
Element IDs:
[301, 1203, 512, 1384, 722, 1162, 470, 609, 1153, 449, 952, 1036, 669, 389, 891, 197, 474, 1021, 1220, 323, 857, 1106, 1489, 1183, 109, 177, 1048, 719, 305, 350, 1208, 1476, 137, 58, 874, 1385, 841, 209, 507, 1237, 1139, 30, 36, 39, 1329, 673, 578, 846, 624, 643, 1030, 1286, 1034, 1323, 945, 1347, 17, 536, 917, 949, 921, 446, 502, 904, 486, 1214, 911, 291, 565, 928, 528, 217, 1265, 24, 1394, 804, 1388, 20, 1377, 1071, 139, 363, 1163, 271, 178, 1185, 1381, 98, 1316, 1107, 718, 1475, 1398, 630, 679, 987, 240, 483, 1249, 159, 236, 11, 371, 423, 79, 740, 506, 641, 378, 1006, 1325, 595, 1454, 354, 983, 439, 150, 555, 306, 265, 1111, 1082, 1179, 280, 22, 1389, 1373, 743, 135, 374, 698, 413, 927, 1369, 464, 1241, 12, 580, 122, 988, 1150, 974, 1133, 80, 144, 924, 940]

Cluster ID: 1503
Cluster demand: 2250.0
Number of elements: 150
Element IDs:
[1448, 1453, 1272, 951, 5, 487, 744, 225, 258, 1277, 1186, 198, 654, 797, 310, 73, 459, 572, 270, 617, 140, 99, 537, 1025, 1199, 339, 1326, 1350, 968, 1008, 823, 401, 478, 964, 345, 199, 163, 1105, 1445, 1207, 549, 833, 780, 440, 189, 1193, 640, 766, 380, 60, 172, 1284, 45, 548, 165, 1327, 481, 1189, 1182, 468, 75, 145, 1470, 237, 756, 541, 154, 33, 394, 312, 426, 524, 567, 1358, 564, 195, 78, 829, 772, 1028, 569, 320, 621, 875, 791, 1415, 1038, 1471, 1051, 864, 395, 1046, 402, 755, 842, 1362, 1297, 1414, 27, 335, 1248, 639, 1126, 906, 338, 1356, 730, 161, 1067, 760, 1420, 1026, 188, 14, 1313, 299, 1000, 943, 1215, 1181, 1101, 275, 574, 745, 366, 249, 838, 138, 786, 25, 650, 1258, 445, 216, 186, 111, 570, 761, 948, 1091, 283, 736, 485, 74, 1062, 1407, 455, 1244, 314, 89]

Cluster ID: 1501
Cluster demand: 2248.0
Number of elements: 145
Element IDs:
[525, 304, 1041, 608, 1442, 1317, 721, 958, 321, 476, 813, 2, 57, 1409, 132, 1468, 358, 361, 866, 840, 1142, 267, 1262, 1042, 479, 495, 547, 532, 1093, 369, 662, 562, 732, 412, 763, 1496, 1268, 1469, 1266, 976, 214, 674, 266, 1402, 688, 1100, 152, 359, 556, 622, 967, 1296, 1205, 288, 1254, 230, 592, 867, 438, 733, 656, 451, 62, 583, 651, 646, 1351, 1149, 1267, 676, 353, 1084, 1494, 779, 1482, 637, 980, 1399, 725, 418, 1393, 605, 1184, 1172, 799, 1117, 386, 493, 400, 1355, 201, 788, 337, 623, 129, 830, 752, 381, 112, 509, 467, 664, 422, 1141, 796, 708, 203, 1209, 742, 408, 168, 171, 489, 690, 1437, 1044, 933, 462, 13, 1233, 934, 931, 603, 1018, 865, 671, 898, 1378, 149, 224, 1188, 1040, 953, 1368, 229, 514, 392, 160, 367, 631, 268, 1120, 1404, 1114, 1441]

Cluster ID: 1510
Cluster demand: 2995.0
Number of elements: 188
Element IDs:
[208, 1303, 563, 858, 156, 1004, 497, 406, 619, 560, 1417, 834, 1287, 318, 1061, 221, 615, 1245, 1440, 895, 419, 1395, 1129, 35, 701, 414, 724, 1295, 219, 1170, 1002, 665, 748, 88, 762, 183, 1331, 530, 944, 1232, 1449, 1487, 798, 1455, 954, 607, 685, 1332, 4, 250, 1340, 919, 981, 1115, 458, 979, 1056, 1148, 790, 410, 471, 1213, 792, 97, 991, 844, 38, 91, 1228, 1431, 699, 435, 1278, 1483, 971, 670, 1196, 264, 347, 425, 92, 960, 1064, 387, 53, 705, 888, 1263, 65, 447, 596, 515, 657, 868, 211, 1260, 1461, 26, 1321, 205, 1124, 909, 296, 1210, 484, 1386, 903, 23, 170, 1168, 618, 93, 1131, 31, 1027, 434, 723, 1063, 1177, 1247, 1227, 1066, 677, 978, 1081, 1491, 747, 551, 307, 998, 932, 1094, 1387, 463, 1499, 233, 1224, 849, 96, 598, 192, 771, 1334, 1239, 538, 261, 313, 862, 521, 1144, 827, 1328, 1152, 851, 672, 806, 362, 735, 164, 738, 388, 1049, 282, 879, 765, 194, 169, 115, 577, 635, 1146, 711, 501, 814, 1419, 243, 1480, 986, 1421, 16, 920, 1432, 929, 923, 69, 43, 811, 1261]

Cluster ID: 1511
Cluster demand: 2899.0
Number of elements: 191
Element IDs:
[123, 77, 890, 542, 1151, 355, 1410, 1443, 417, 694, 398, 659, 352, 1104, 883, 274, 9, 255, 876, 533, 714, 1178, 1116, 666, 167, 346, 1308, 1003, 831, 793, 376, 87, 1318, 182, 638, 843, 295, 1490, 42, 1102, 720, 8, 1211, 769, 1406, 1423, 1197, 1052, 625, 995, 433, 431, 984, 1243, 850, 1403, 409, 899, 1073, 1079, 1175, 442, 1109, 1371, 1438, 1486, 48, 469, 675, 247, 396, 125, 315, 309, 873, 330, 32, 894, 975, 162, 373, 114, 597, 604, 360, 120, 1273, 628, 404, 702, 1113, 918, 1127, 1236, 915, 1275, 1037, 1198, 1301, 333, 1019, 475, 926, 1270, 546, 614, 15, 1401, 568, 510, 1023, 1310, 1167, 706, 1382, 151, 704, 1164, 1231, 302, 936, 794, 1206, 1380, 1235, 101, 884, 970, 1458, 647, 535, 825, 121, 100, 1190, 1339, 269, 222, 235, 1223, 787, 1418, 571, 966, 223, 1466, 837, 681, 1121, 118, 1212, 573, 710, 1320, 1017, 913, 845, 700, 1173, 775, 729, 778, 228, 534, 982, 990, 494, 539, 1011, 136, 500, 1400, 1435, 1035, 589, 1311, 993, 1289, 1447, 457, 384, 1165, 106, 784, 193, 174, 660, 545, 1135, 1229, 822]

Unassigned customers: 0
Depots without assigned customers: 0
