Heuristic: SequentialCyclic

Solution:
Number of clusters: 11

Cluster ID: 1501
Cluster demand: 2250.0
Number of elements: 143
Element IDs:
[523, 827, 581, 1157, 696, 757, 269, 454, 1090, 1404, 1408, 484, 1059, 271, 1351, 588, 1040, 1134, 1128, 1328, 1331, 1089, 316, 849, 1138, 547, 1183, 761, 452, 1315, 1272, 993, 927, 525, 386, 1355, 509, 890, 596, 866, 154, 503, 962, 617, 954, 691, 692, 68, 1055, 254, 161, 853, 1426, 652, 477, 629, 440, 995, 1189, 2, 1046, 1244, 623, 756, 991, 1154, 631, 128, 640, 1399, 914, 439, 1391, 534, 176, 972, 341, 889, 1332, 1152, 85, 1072, 561, 26, 256, 374, 539, 1056, 273, 159, 1264, 567, 1305, 1020, 791, 1220, 135, 1254, 91, 38, 1162, 565, 1279, 9, 203, 884, 848, 1217, 491, 851, 1350, 1386, 944, 805, 1, 678, 1397, 211, 297, 961, 155, 1042, 644, 369, 25, 865, 616, 703, 1374, 428, 821, 803, 1261, 1064, 1253, 1019, 241, 738, 80, 1013, 1087, 947, 519]

Cluster ID: 1502
Cluster demand: 1500.0
Number of elements: 93
Element IDs:
[798, 1481, 66, 1225, 841, 1303, 61, 84, 350, 453, 372, 625, 1369, 806, 1122, 1461, 379, 1452, 361, 1489, 1405, 901, 1202, 615, 513, 217, 1063, 745, 507, 813, 123, 584, 1113, 685, 409, 750, 1223, 272, 207, 979, 1021, 301, 548, 1274, 963, 1432, 237, 868, 1191, 725, 1092, 105, 33, 1353, 307, 93, 667, 681, 1377, 1497, 514, 62, 742, 1236, 643, 1329, 898, 353, 322, 1007, 1383, 1144, 267, 903, 966, 688, 397, 419, 566, 600, 1281, 739, 883, 72, 255, 447, 1370, 648, 740, 127, 290, 352, 627]

Cluster ID: 1503
Cluster demand: 2250.0
Number of elements: 143
Element IDs:
[185, 1322, 253, 116, 230, 575, 1314, 380, 1038, 226, 179, 550, 1312, 466, 1132, 980, 1499, 1425, 1319, 480, 604, 1443, 478, 144, 802, 1179, 1106, 281, 573, 1215, 1467, 1018, 1298, 1142, 136, 716, 1108, 570, 1048, 1449, 169, 799, 279, 475, 899, 1077, 879, 1082, 77, 113, 5, 260, 674, 731, 67, 202, 1371, 763, 21, 532, 358, 98, 215, 1093, 546, 1135, 953, 766, 706, 1258, 1255, 1390, 1335, 1280, 334, 679, 860, 1146, 620, 1232, 907, 162, 96, 1009, 637, 393, 1195, 48, 1004, 1389, 1127, 196, 1222, 345, 538, 463, 530, 622, 1233, 997, 472, 1100, 375, 1349, 701, 238, 1076, 1207, 1074, 88, 1071, 465, 424, 818, 1060, 1418, 1073, 651, 968, 1290, 57, 978, 988, 1185, 687, 1263, 69, 1361, 450, 97, 982, 81, 1015, 607, 1362, 417, 1308, 243, 249, 78, 1172, 877, 431]

Cluster ID: 1504
Cluster demand: 2250.0
Number of elements: 144
Element IDs:
[639, 869, 754, 208, 330, 356, 1167, 1442, 653, 118, 1120, 602, 134, 1433, 624, 1376, 1414, 601, 221, 1283, 1330, 189, 285, 298, 768, 918, 499, 765, 919, 29, 111, 363, 959, 1098, 143, 697, 223, 951, 1268, 1001, 649, 344, 103, 414, 915, 852, 1306, 305, 460, 1091, 801, 713, 632, 259, 1147, 724, 1156, 75, 270, 15, 1196, 1428, 771, 1045, 1080, 288, 647, 164, 411, 376, 605, 1260, 1273, 1241, 983, 825, 1457, 998, 192, 264, 1011, 1083, 364, 614, 603, 235, 265, 252, 580, 779, 321, 441, 1158, 929, 225, 1030, 1068, 1247, 1069, 594, 702, 612, 138, 99, 896, 1250, 373, 626, 787, 904, 1184, 1039, 34, 152, 628, 843, 1109, 1271, 332, 973, 1005, 168, 151, 1139, 35, 43, 924, 486, 719, 1474, 206, 1061, 319, 709, 895, 427, 905, 1352, 492, 586, 1029, 1342, 1357, 8]

Cluster ID: 1505
Cluster demand: 2250.0
Number of elements: 148
Element IDs:
[579, 157, 479, 764, 79, 193, 292, 563, 293, 819, 1365, 268, 407, 13, 240, 1097, 1081, 1036, 20, 204, 1181, 170, 1213, 133, 209, 1178, 1345, 863, 4, 536, 60, 308, 598, 1434, 774, 762, 348, 1096, 635, 167, 251, 182, 1025, 1149, 1103, 862, 746, 1173, 1288, 14, 481, 1234, 795, 897, 1119, 239, 1447, 1286, 166, 893, 515, 1180, 437, 142, 102, 1201, 1483, 540, 1205, 432, 790, 295, 793, 73, 964, 518, 129, 1334, 368, 1388, 244, 1084, 1413, 797, 1177, 131, 313, 1486, 796, 1193, 1209, 589, 1441, 1043, 1057, 438, 1031, 1114, 171, 782, 370, 1402, 611, 310, 996, 618, 303, 199, 1456, 726, 300, 684, 218, 1123, 1327, 512, 759, 583, 510, 930, 456, 794, 1153, 1460, 58, 429, 333, 1214, 934, 434, 1027, 1037, 304, 1116, 1409, 1339, 404, 705, 210, 469, 19, 837, 426, 489, 535, 728, 45, 847]

Cluster ID: 1506
Cluster demand: 1500.0
Number of elements: 96
Element IDs:
[1208, 715, 680, 916, 610, 1466, 937, 422, 446, 1395, 248, 578, 1165, 834, 1363, 858, 1317, 346, 835, 55, 1292, 400, 908, 529, 1401, 505, 418, 634, 213, 1105, 542, 282, 498, 1385, 922, 83, 377, 49, 412, 755, 689, 250, 1473, 178, 435, 1095, 1373, 985, 882, 50, 1229, 743, 1340, 1267, 840, 1235, 327, 1126, 87, 1049, 846, 558, 741, 822, 662, 671, 1439, 107, 1218, 1375, 1034, 1411, 1282, 1159, 811, 585, 114, 892, 236, 391, 562, 1470, 721, 342, 406, 1145, 1211, 1099, 1175, 1130, 474, 1475, 753, 732, 894, 378]

Cluster ID: 1507
Cluster demand: 1500.0
Number of elements: 107
Element IDs:
[71, 302, 1206, 262, 1321, 1430, 1450, 809, 54, 1240, 461, 467, 1016, 198, 1392, 12, 859, 1014, 1067, 917, 875, 1471, 423, 74, 1186, 275, 872, 949, 800, 537, 1422, 339, 1438, 664, 6, 844, 836, 1133, 389, 909, 257, 590, 402, 767, 609, 672, 1301, 707, 420, 1012, 501, 366, 278, 952, 283, 318, 659, 521, 758, 101, 443, 1256, 30, 1174, 1297, 1102, 775, 807, 729, 1472, 349, 1346, 1347, 668, 1445, 1458, 867, 150, 524, 572, 180, 619, 1487, 70, 232, 633, 812, 1498, 1192, 1364, 677, 496, 737, 395, 592, 1448, 445, 861, 1245, 920, 1006, 571, 1265, 1394, 1455, 382, 642]

Cluster ID: 1508
Cluster demand: 2250.0
Number of elements: 138
Element IDs:
[52, 413, 693, 1197, 22, 1289, 1066, 1380, 229, 1041, 831, 526, 1094, 1278, 556, 971, 31, 160, 291, 511, 554, 11, 242, 1454, 751, 555, 325, 493, 1325, 559, 287, 1416, 139, 347, 323, 1118, 190, 231, 990, 340, 655, 1464, 500, 734, 329, 455, 1336, 1160, 258, 720, 1262, 1136, 1287, 141, 390, 274, 381, 1101, 1131, 89, 781, 294, 1194, 1382, 1003, 1387, 736, 351, 487, 744, 125, 1166, 1359, 355, 1143, 686, 119, 910, 527, 1436, 788, 886, 53, 1226, 163, 839, 931, 359, 698, 482, 1420, 1476, 1477, 654, 362, 1248, 854, 1104, 543, 1163, 842, 1023, 974, 1140, 132, 306, 1107, 263, 126, 1478, 1010, 1050, 1493, 94, 1227, 28, 436, 870, 3, 51, 296, 564, 1427, 1485, 699, 27, 42, 1121, 577, 760, 1008, 1212, 553, 1026, 1366, 1190, 1242, 780]

Cluster ID: 1509
Cluster demand: 1800.0
Number of elements: 115
Element IDs:
[201, 1243, 833, 398, 430, 122, 1086, 1252, 219, 86, 876, 1488, 1251, 595, 1444, 1129, 921, 714, 284, 606, 331, 421, 1276, 568, 676, 912, 1356, 396, 1070, 888, 923, 416, 722, 913, 887, 792, 999, 1270, 63, 1310, 324, 227, 1238, 891, 371, 149, 476, 845, 76, 40, 786, 1110, 233, 710, 365, 1210, 815, 425, 1022, 1500, 950, 462, 405, 636, 900, 928, 115, 1188, 106, 146, 608, 17, 1295, 1311, 7, 545, 108, 1469, 1398, 871, 682, 261, 683, 46, 156, 158, 394, 82, 630, 820, 387, 785, 752, 1378, 989, 1257, 1017, 520, 657, 1313, 1161, 975, 544, 212, 817, 1324, 946, 994, 1249, 808, 940, 557, 660, 695, 1079]

Cluster ID: 1510
Cluster demand: 3000.0
Number of elements: 193
Element IDs:
[485, 1112, 1367, 1437, 147, 1415, 661, 490, 1468, 1168, 855, 36, 64, 451, 1423, 1259, 173, 110, 885, 1440, 935, 464, 1316, 582, 245, 560, 1051, 289, 1085, 587, 1075, 112, 829, 1494, 137, 1203, 945, 187, 823, 177, 18, 621, 1341, 148, 1033, 1028, 591, 665, 727, 1219, 1318, 1491, 1496, 174, 458, 816, 41, 773, 669, 95, 311, 175, 1125, 718, 483, 1396, 776, 814, 220, 448, 165, 574, 960, 1293, 770, 1479, 56, 941, 367, 938, 1111, 747, 403, 1379, 188, 328, 658, 205, 506, 508, 488, 700, 191, 1463, 153, 59, 828, 784, 1381, 522, 569, 186, 1368, 925, 16, 1062, 457, 100, 299, 1170, 1400, 47, 1002, 936, 1035, 1237, 335, 804, 1115, 967, 433, 1151, 1199, 337, 528, 992, 44, 1296, 902, 965, 37, 838, 1459, 906, 23, 1480, 593, 943, 1403, 1344, 449, 956, 1047, 408, 981, 109, 830, 1176, 383, 1323, 1354, 392, 266, 181, 1052, 772, 120, 1266, 1424, 494, 1372, 197, 1337, 1302, 1148, 1182, 1435, 384, 92, 1044, 504, 357, 1216, 576, 1230, 90, 314, 1358, 733, 769, 1309, 531, 1032, 1198, 638, 1246, 711, 881, 911, 315, 117, 856, 470]

Cluster ID: 1511
Cluster demand: 2889.0
Number of elements: 180
Element IDs:
[977, 1406, 1291, 1204, 1360, 502, 172, 24, 497, 280, 549, 673, 666, 1124, 442, 874, 343, 326, 336, 1275, 789, 932, 597, 646, 552, 712, 1484, 1294, 354, 1164, 873, 1417, 1304, 247, 641, 222, 690, 704, 723, 516, 717, 599, 228, 933, 1169, 1490, 987, 10, 1412, 1343, 140, 124, 338, 473, 1088, 748, 1224, 730, 65, 1150, 1446, 1410, 986, 810, 1117, 1307, 121, 1421, 970, 234, 1228, 1299, 969, 1393, 826, 958, 459, 777, 541, 399, 385, 224, 645, 1269, 312, 216, 184, 1285, 195, 1221, 1141, 533, 1429, 1348, 1239, 277, 663, 824, 1300, 878, 1024, 850, 942, 1058, 104, 317, 1078, 246, 694, 749, 1495, 145, 1453, 955, 1431, 1326, 551, 976, 214, 1482, 1492, 1171, 1053, 468, 735, 286, 39, 183, 517, 1462, 1277, 1231, 857, 1333, 675, 1000, 388, 360, 1284, 309, 1200, 1054, 864, 415, 613, 276, 471, 1419, 1384, 708, 1451, 200, 832, 880, 1137, 1320, 194, 495, 650, 1407, 32, 656, 778, 1065, 984, 1155, 410, 1338, 130, 401, 957, 926, 1187, 939, 783, 320, 948, 1465, 444, 670]

Unassigned customers: 0
Depots without assigned customers: 0
