Heuristic: Simplified

Solution:
Number of clusters: 11

Cluster ID: 1502
Cluster demand: 1500.0
Number of elements: 93
Element IDs:
[798, 625, 350, 1421, 453, 372, 970, 1481, 1228, 234, 84, 61, 1405, 901, 66, 507, 1489, 123, 584, 1202, 1369, 813, 745, 361, 468, 1113, 121, 615, 1452, 513, 1063, 806, 1122, 841, 1303, 379, 217, 685, 1150, 1225, 409, 730, 1088, 750, 35, 1446, 207, 272, 1223, 1461, 924, 979, 748, 1224, 65, 1021, 473, 1139, 338, 124, 140, 43, 301, 1343, 1410, 1412, 868, 10, 986, 237, 1432, 168, 332, 151, 963, 548, 942, 973, 987, 1274, 1005, 1271, 1169, 1490, 850, 1058, 1171, 1191, 933, 1299, 1053, 104, 516]

Cluster ID: 1511
Cluster demand: 3000.0
Number of elements: 196
Element IDs:
[496, 842, 384, 737, 1163, 677, 1364, 592, 1448, 395, 543, 1023, 920, 445, 861, 1192, 132, 571, 974, 1498, 1006, 1140, 854, 1245, 1104, 362, 1248, 306, 92, 1107, 1478, 812, 106, 126, 263, 1476, 17, 1242, 633, 146, 1477, 1044, 654, 1010, 608, 94, 1227, 1050, 1493, 1008, 1420, 760, 232, 28, 931, 436, 577, 1295, 359, 839, 1212, 1265, 1190, 870, 553, 70, 1311, 1188, 482, 504, 487, 357, 698, 1394, 1455, 42, 1026, 1366, 1121, 1487, 163, 3, 51, 788, 1226, 1216, 576, 619, 1436, 1485, 296, 699, 900, 1230, 314, 1427, 744, 53, 405, 636, 886, 90, 564, 27, 928, 769, 1309, 527, 780, 115, 382, 125, 462, 668, 1358, 180, 1359, 1041, 950, 351, 229, 642, 1347, 910, 831, 733, 1380, 1166, 1066, 349, 1346, 686, 119, 1445, 1472, 526, 355, 1289, 1458, 572, 729, 524, 556, 150, 22, 1500, 1094, 807, 1143, 1003, 1022, 1194, 867, 775, 1278, 1387, 425, 294, 1032, 1197, 815, 1382, 1102, 7, 734, 736, 329, 531, 500, 261, 781, 455, 971, 30, 1131, 1174, 1297, 1464, 1148, 1182, 89, 1435, 1336, 1160, 682, 871, 40, 655, 1469, 1210, 545, 340, 990, 476, 1256, 1398]

Cluster ID: 1509
Cluster demand: 1800.0
Number of elements: 124
Element IDs:
[595, 1251, 1488, 632, 876, 1161, 1444, 86, 915, 975, 414, 219, 983, 713, 1241, 559, 75, 1273, 288, 825, 852, 647, 1457, 164, 1156, 192, 344, 998, 1260, 1091, 1252, 1306, 1129, 801, 264, 1011, 460, 411, 287, 201, 605, 270, 305, 724, 376, 921, 103, 614, 1080, 1086, 649, 1083, 555, 1059, 1268, 364, 259, 1089, 325, 1243, 316, 386, 1272, 714, 1001, 122, 1196, 1313, 271, 1147, 493, 1331, 849, 1138, 993, 452, 1315, 484, 242, 1428, 547, 1183, 1454, 751, 833, 15, 1351, 1328, 525, 11, 1045, 1128, 761, 1134, 588, 1040, 398, 430, 101, 318, 323, 347, 511, 554, 659, 771, 381, 82, 683, 46, 156, 108, 197, 1337, 1302, 891, 390, 1101, 1287, 141, 521, 1136, 1416, 143]

Cluster ID: 1501
Cluster demand: 2250.0
Number of elements: 149
Element IDs:
[8, 145, 320, 551, 552, 594, 597, 646, 694, 702, 749, 783, 789, 873, 894, 932, 939, 1069, 1141, 1187, 1221, 1269, 1275, 1342, 1348, 1357, 1384, 1417, 1495, 827, 523, 660, 581, 1157, 1291, 1124, 557, 712, 666, 1204, 690, 326, 1484, 969, 704, 628, 723, 856, 1360, 843, 1109, 673, 354, 152, 696, 378, 427, 905, 442, 1294, 808, 847, 719, 319, 34, 486, 709, 895, 940, 549, 1352, 1061, 1039, 874, 717, 904, 1184, 599, 1474, 247, 343, 336, 206, 641, 222, 492, 1393, 1249, 1164, 757, 502, 1406, 984, 787, 626, 280, 1304, 586, 1029, 1250, 1155, 373, 1065, 826, 1453, 246, 896, 99, 401, 1078, 391, 958, 172, 645, 24, 138, 562, 1470, 777, 399, 955, 228, 977, 459, 541, 1338, 994, 1326, 224, 612, 312, 410, 385, 130, 317, 1431, 216, 236, 105, 45, 184, 489, 946, 926, 1482, 470, 976, 269, 465]

Cluster ID: 1507
Cluster demand: 1500.0
Number of elements: 100
Element IDs:
[519, 980, 1499, 1312, 466, 1425, 947, 1132, 1319, 550, 179, 211, 961, 1397, 1443, 297, 1013, 1087, 1, 678, 262, 155, 80, 944, 480, 71, 805, 604, 1042, 917, 1067, 113, 302, 1386, 226, 875, 461, 467, 5, 731, 52, 413, 1350, 67, 77, 260, 674, 644, 1206, 1240, 1012, 21, 532, 202, 1371, 257, 389, 402, 420, 590, 693, 707, 836, 844, 909, 1438, 767, 879, 501, 1082, 215, 851, 763, 241, 98, 609, 1217, 358, 366, 1133, 1321, 491, 478, 848, 672, 1301, 1093, 1077, 546, 54, 1135, 800, 6, 949, 1430, 1450, 953, 339, 1422, 1186]

Cluster ID: 1503
Cluster demand: 2250.0
Number of elements: 136
Element IDs:
[256, 534, 161, 198, 176, 972, 1004, 1392, 1389, 341, 12, 629, 26, 254, 853, 48, 866, 859, 440, 503, 154, 1055, 962, 617, 68, 538, 477, 345, 135, 1426, 954, 1254, 463, 1195, 692, 691, 791, 652, 1220, 889, 530, 374, 822, 1332, 995, 1189, 1391, 561, 1020, 743, 539, 1056, 596, 1222, 273, 50, 741, 1229, 558, 96, 622, 91, 1267, 439, 846, 1340, 49, 377, 1305, 1049, 1152, 178, 196, 620, 997, 1233, 1373, 1473, 57, 412, 435, 472, 509, 689, 755, 882, 890, 927, 985, 1100, 1127, 1232, 1290, 1355, 375, 701, 1349, 1095, 1076, 162, 907, 250, 424, 818, 1060, 1162, 87, 38, 1072, 83, 662, 922, 393, 840, 567, 1009, 1325, 1235, 968, 1073, 1385, 651, 327, 1126, 1418, 498, 505, 278, 670, 542, 1439, 978, 185, 1322, 282, 283]

Cluster ID: 1504
Cluster demand: 2250.0
Number of elements: 140
Element IDs:
[639, 823, 187, 869, 941, 148, 945, 56, 772, 177, 1479, 770, 1203, 1052, 1341, 18, 367, 416, 722, 938, 1111, 621, 754, 747, 137, 1070, 888, 923, 1266, 208, 1424, 1033, 120, 181, 1440, 1028, 1293, 403, 960, 110, 829, 1494, 175, 912, 1356, 935, 1125, 913, 112, 885, 311, 1379, 464, 1316, 173, 574, 330, 718, 396, 591, 1075, 494, 582, 676, 1259, 95, 188, 665, 887, 1423, 1085, 245, 560, 1270, 568, 266, 165, 118, 289, 727, 587, 658, 451, 392, 669, 458, 816, 785, 41, 1491, 356, 1051, 328, 752, 653, 773, 1496, 792, 999, 174, 1167, 1219, 1378, 1318, 63, 845, 1442, 76, 64, 1310, 1376, 1414, 1120, 786, 1276, 820, 221, 158, 220, 227, 274, 324, 387, 394, 448, 483, 630, 776, 814, 989, 1238, 1372, 1396, 365, 233, 710, 1110, 149, 371, 1177]

Cluster ID: 1505
Cluster demand: 2249.0
Number of elements: 137
Element IDs:
[784, 1381, 479, 522, 579, 292, 656, 778, 563, 764, 157, 193, 79, 569, 1365, 293, 268, 407, 819, 1096, 186, 13, 635, 828, 240, 1097, 348, 1368, 1081, 20, 1036, 251, 774, 762, 167, 1434, 1181, 204, 598, 308, 1173, 182, 925, 1288, 1025, 170, 746, 59, 1213, 863, 1149, 133, 60, 1345, 16, 1062, 862, 153, 14, 4, 536, 209, 457, 1178, 1103, 191, 1463, 100, 517, 675, 1231, 1277, 1462, 102, 481, 142, 1201, 1400, 299, 857, 790, 1170, 1205, 432, 540, 1115, 47, 295, 1483, 793, 1234, 1119, 804, 967, 1002, 437, 335, 239, 73, 992, 1333, 1447, 897, 964, 508, 936, 795, 166, 1237, 433, 488, 1286, 700, 1035, 183, 893, 518, 39, 515, 1180, 1151, 1199, 337, 129, 528, 735, 205, 506, 286, 1024, 1000, 199, 1334, 32, 1079, 244, 303]

Cluster ID: 1506
Cluster demand: 1499.0
Number of elements: 90
Element IDs:
[267, 1154, 756, 991, 575, 1208, 715, 623, 1244, 680, 418, 634, 914, 637, 159, 671, 1105, 529, 1395, 1401, 1314, 1399, 213, 565, 631, 62, 72, 78, 93, 127, 128, 248, 249, 253, 255, 290, 322, 352, 353, 380, 397, 419, 422, 446, 447, 474, 514, 566, 578, 600, 610, 643, 648, 667, 681, 688, 725, 739, 740, 742, 753, 810, 877, 883, 898, 903, 916, 937, 966, 1007, 1034, 1046, 1099, 1117, 1130, 1144, 1159, 1172, 1175, 1236, 1281, 1282, 1307, 1329, 1370, 1377, 1383, 1411, 627, 33]

Cluster ID: 1508
Cluster demand: 2142.0
Number of elements: 135
Element IDs:
[1106, 1179, 802, 821, 1374, 428, 703, 803, 716, 1261, 1018, 537, 664, 899, 275, 766, 872, 475, 1258, 74, 144, 281, 570, 573, 616, 1215, 25, 136, 169, 279, 369, 423, 799, 865, 1019, 1048, 1064, 1108, 1142, 1253, 1298, 1449, 1467, 1471, 1466, 1475, 1280, 9, 1335, 1279, 203, 334, 1264, 679, 706, 116, 230, 2, 1038, 1016, 640, 107, 860, 809, 908, 85, 732, 400, 1146, 1218, 884, 1292, 55, 1014, 1255, 1390, 758, 835, 1165, 834, 1363, 1317, 952, 1353, 858, 300, 444, 346, 1327, 996, 1375, 1492, 69, 1308, 450, 607, 218, 1145, 1419, 1361, 1123, 585, 406, 19, 687, 1263, 210, 276, 948, 1465, 97, 388, 44, 307, 497, 417, 1137, 1284, 1407, 1320, 431, 114, 1456, 738, 613, 360, 618, 726, 471, 469, 1362, 988, 1185, 1296, 811]

Cluster ID: 1510
Cluster demand: 2999.0
Number of elements: 200
Element IDs:
[109, 1367, 485, 830, 1176, 383, 1323, 1437, 1354, 1112, 981, 1153, 147, 1460, 661, 58, 1415, 930, 490, 1468, 456, 794, 1168, 782, 429, 583, 510, 370, 1214, 171, 759, 408, 333, 934, 611, 1402, 1262, 695, 957, 855, 131, 902, 965, 1403, 111, 195, 363, 499, 535, 589, 1441, 23, 29, 37, 134, 212, 304, 309, 331, 421, 434, 449, 495, 544, 593, 602, 606, 624, 650, 765, 838, 864, 880, 906, 918, 919, 943, 956, 959, 1027, 1037, 1047, 1054, 1098, 1200, 1285, 1344, 1459, 1480, 878, 200, 1300, 1451, 708, 824, 663, 697, 223, 1239, 277, 951, 1408, 1090, 1404, 454, 214, 1433, 1198, 817, 638, 1017, 728, 284, 533, 1246, 1429, 711, 911, 117, 238, 1207, 426, 1071, 1074, 88, 315, 231, 929, 258, 36, 1339, 881, 139, 601, 720, 1324, 1043, 1057, 313, 310, 684, 1283, 837, 404, 705, 1118, 1486, 1247, 298, 1388, 1330, 190, 368, 194, 291, 832, 31, 160, 225, 252, 321, 441, 520, 580, 657, 779, 1030, 1068, 1158, 1257, 1497, 443, 892, 235, 265, 285, 342, 438, 603, 721, 768, 1031, 1114, 1116, 189, 1084, 1413, 797, 796, 1211, 1015, 243, 1092, 1193, 1209, 81, 982, 512, 415, 1409]

Unassigned customers: 0
Depots without assigned customers: 0
