Heuristic: Sweep

Solution:
Number of clusters: 11

Cluster ID: 1507
Cluster demand: 1500.0
Number of elements: 100
Element IDs:
[1019, 241, 478, 738, 1443, 604, 519, 80, 1013, 1087, 947, 480, 1319, 25, 865, 1312, 179, 466, 302, 71, 550, 980, 1499, 1132, 369, 226, 1425, 644, 961, 1042, 1038, 262, 297, 1206, 155, 1467, 1018, 211, 1397, 1321, 1, 678, 1298, 461, 467, 805, 1142, 875, 1430, 1450, 1108, 136, 716, 1240, 944, 809, 1048, 54, 1386, 1449, 1082, 169, 899, 879, 1077, 1350, 848, 799, 77, 475, 1217, 279, 1471, 1067, 491, 917, 851, 113, 260, 423, 5, 884, 215, 674, 731, 949, 872, 98, 74, 1186, 21, 532, 1093, 275, 358, 1014, 546, 763, 1422, 339]

Cluster ID: 1502
Cluster demand: 1500.0
Number of elements: 92
Element IDs:
[625, 1421, 798, 970, 453, 1228, 372, 350, 234, 1405, 901, 507, 123, 584, 1489, 84, 813, 1481, 61, 1202, 745, 121, 1113, 361, 1369, 615, 513, 1063, 1452, 66, 685, 217, 1122, 1150, 806, 379, 409, 1446, 750, 730, 207, 1088, 272, 1223, 841, 1303, 979, 1410, 748, 1224, 1461, 468, 65, 1021, 986, 924, 1225, 35, 140, 124, 338, 473, 301, 1343, 43, 1139, 548, 1432, 237, 868, 1412, 10, 1274, 963, 332, 810, 987, 168, 1117, 1307, 973, 1271, 1169, 1490, 151, 1191, 1005, 933, 514, 1299, 33, 742]

Cluster ID: 1511
Cluster demand: 3000.0
Number of elements: 197
Element IDs:
[861, 920, 445, 854, 362, 1104, 1006, 543, 395, 571, 1245, 1248, 592, 1448, 737, 1163, 496, 106, 1476, 842, 1477, 384, 146, 1364, 17, 1242, 677, 654, 1192, 608, 1023, 1498, 132, 1420, 974, 931, 1140, 359, 812, 839, 1295, 1188, 482, 1265, 633, 306, 1311, 698, 1107, 1394, 1455, 163, 1478, 92, 126, 788, 1226, 263, 900, 1436, 405, 636, 53, 886, 1010, 232, 928, 1044, 94, 487, 780, 1227, 115, 527, 70, 1050, 1493, 436, 1008, 28, 744, 870, 382, 462, 760, 1487, 950, 577, 3, 51, 642, 1212, 619, 125, 1359, 910, 553, 1190, 42, 296, 504, 119, 686, 1121, 357, 1026, 1366, 1166, 351, 564, 355, 1485, 699, 1427, 1500, 1216, 1143, 1022, 576, 1230, 27, 180, 314, 425, 90, 1358, 769, 1309, 815, 668, 7, 733, 1003, 1041, 1347, 1387, 572, 229, 1194, 531, 831, 524, 1445, 261, 349, 1346, 1148, 1182, 736, 1435, 1380, 150, 1066, 1472, 40, 1469, 1210, 871, 545, 1458, 682, 294, 1438, 526, 476, 845, 1289, 1382, 76, 729, 786, 867, 556, 22, 664, 836, 108, 1398, 6, 1032, 1094, 807, 371, 844, 149, 1110, 1278, 233, 710, 1197, 775, 389, 909, 891, 1131, 683, 1301]

Cluster ID: 1503
Cluster demand: 2250.0
Number of elements: 142
Element IDs:
[116, 230, 185, 1322, 2, 995, 1189, 889, 440, 1332, 1152, 341, 439, 85, 629, 1391, 176, 972, 1072, 534, 914, 477, 640, 1399, 561, 26, 107, 1016, 1439, 853, 652, 161, 256, 1426, 254, 374, 1264, 671, 1055, 539, 1056, 159, 741, 1218, 822, 273, 662, 68, 1165, 859, 692, 567, 400, 327, 1126, 1049, 834, 558, 203, 691, 908, 529, 1401, 1235, 87, 1375, 846, 954, 1305, 1292, 1279, 1020, 12, 565, 791, 198, 505, 1363, 1162, 9, 617, 55, 213, 1220, 858, 418, 634, 135, 38, 1392, 835, 1317, 1280, 346, 1254, 732, 1105, 1390, 1135, 542, 91, 962, 766, 503, 1335, 1267, 393, 463, 840, 202, 1371, 1255, 501, 1012, 366, 953, 67, 706, 811, 1258, 282, 637, 334, 431, 607, 1009, 1340, 498, 679, 743, 48, 417, 1362, 154, 1385, 1004, 1195, 1308, 278, 866, 922, 860]

Cluster ID: 1506
Cluster demand: 1500.0
Number of elements: 88
Element IDs:
[575, 1154, 1314, 1244, 756, 991, 623, 253, 1046, 380, 631, 1208, 715, 128, 680, 916, 1395, 610, 422, 937, 1466, 446, 578, 248, 753, 1475, 447, 474, 1370, 1034, 1411, 1282, 255, 352, 72, 1172, 1159, 648, 78, 877, 883, 739, 600, 1281, 1130, 249, 419, 566, 1236, 740, 643, 93, 290, 1329, 966, 903, 127, 267, 898, 688, 1144, 397, 1007, 1383, 322, 353, 1099, 1175, 243, 81, 97, 982, 83, 1015, 450, 1361, 62, 670, 50, 1229, 538, 585, 377, 1389, 1211, 69, 978, 687]

Cluster ID: 1509
Cluster demand: 1800.0
Number of elements: 116
Element IDs:
[455, 1336, 1160, 1256, 596, 890, 1222, 160, 530, 758, 1146, 190, 1232, 952, 622, 31, 1127, 196, 443, 283, 620, 672, 521, 985, 164, 751, 825, 915, 555, 713, 325, 1273, 1325, 647, 1260, 1457, 1454, 493, 1241, 192, 411, 288, 998, 414, 242, 264, 1011, 983, 907, 559, 605, 852, 11, 376, 318, 659, 1091, 801, 162, 1080, 96, 287, 1306, 460, 101, 614, 291, 386, 75, 1045, 1355, 525, 1083, 305, 509, 1156, 364, 270, 771, 632, 1428, 554, 724, 1272, 1196, 1089, 927, 993, 971, 316, 344, 49, 1373, 1118, 511, 30, 1488, 15, 1251, 595, 1174, 1297, 259, 1147, 1233, 103, 1059, 452, 1315, 1102, 849, 1138, 1331, 547, 1183, 139]

Cluster ID: 1501
Cluster demand: 2250.0
Number of elements: 153
Element IDs:
[628, 850, 719, 206, 104, 152, 307, 228, 516, 717, 723, 958, 904, 1184, 704, 1039, 826, 1061, 34, 459, 787, 1393, 690, 721, 878, 777, 626, 317, 1492, 541, 562, 1470, 342, 319, 399, 1300, 391, 378, 373, 1250, 824, 222, 385, 236, 1078, 969, 709, 895, 627, 641, 663, 246, 896, 1484, 247, 892, 1482, 1328, 882, 649, 761, 412, 1161, 277, 1128, 975, 1351, 1377, 1134, 876, 484, 603, 86, 681, 375, 701, 588, 1040, 1349, 472, 1100, 57, 997, 1497, 1001, 238, 1352, 224, 712, 235, 1095, 265, 1268, 1145, 99, 427, 905, 1263, 219, 406, 689, 138, 201, 1304, 1294, 1076, 435, 178, 612, 755, 114, 1090, 1404, 1473, 711, 1164, 1207, 988, 1185, 354, 1290, 1068, 651, 1030, 1406, 1073, 1418, 926, 957, 827, 1247, 968, 444, 948, 1465, 410, 977, 1060, 783, 818, 130, 1338, 1065, 320, 894, 1069, 424, 225, 581, 984, 465, 269, 8]

Cluster ID: 1504
Cluster demand: 2250.0
Number of elements: 144
Element IDs:
[1302, 63, 1372, 1310, 197, 1337, 324, 1238, 722, 913, 1270, 227, 365, 792, 999, 416, 156, 888, 923, 887, 1396, 1033, 639, 148, 1219, 727, 46, 1028, 483, 1318, 158, 394, 1070, 1491, 665, 776, 396, 1341, 591, 1496, 869, 814, 621, 174, 82, 448, 1464, 177, 458, 816, 718, 1101, 41, 18, 1356, 220, 773, 630, 823, 95, 669, 820, 1125, 655, 311, 165, 340, 175, 187, 772, 381, 1262, 1287, 1293, 574, 990, 754, 912, 1136, 274, 960, 208, 231, 941, 390, 56, 945, 258, 141, 387, 89, 1479, 770, 120, 1203, 781, 1052, 676, 367, 1266, 330, 938, 1111, 785, 989, 752, 568, 747, 1378, 137, 720, 1276, 500, 734, 1424, 181, 1440, 421, 356, 403, 110, 329, 829, 1257, 347, 1494, 1313, 935, 112, 520, 657, 1129, 885, 1379, 464, 1316, 1017, 1167, 173, 331, 1075, 1442, 1259, 289]

Cluster ID: 1505
Cluster demand: 2250.0
Number of elements: 134
Element IDs:
[784, 1381, 479, 522, 579, 292, 656, 778, 563, 764, 157, 193, 79, 569, 1365, 293, 268, 407, 819, 1096, 186, 13, 635, 828, 240, 1097, 348, 1368, 1081, 20, 1036, 251, 774, 762, 167, 1434, 1181, 204, 598, 308, 1173, 182, 925, 1288, 1025, 170, 746, 59, 1213, 863, 1149, 1024, 133, 60, 1345, 16, 1062, 862, 153, 14, 4, 536, 209, 457, 1178, 1103, 191, 1463, 100, 102, 481, 142, 1201, 1400, 299, 857, 1231, 790, 1170, 1205, 432, 540, 1277, 1115, 47, 295, 1483, 793, 1234, 1119, 804, 967, 1002, 1462, 437, 335, 239, 73, 992, 1333, 183, 517, 1447, 897, 964, 735, 508, 936, 795, 166, 1237, 433, 488, 286, 1286, 700, 1035, 893, 39, 518, 515, 1180, 1151, 1199, 506, 337, 205, 129, 675, 528, 199, 1327, 1123, 1334]

Cluster ID: 1510
Cluster demand: 3000.0
Number of elements: 212
Element IDs:
[1252, 1086, 597, 666, 1204, 646, 856, 1360, 552, 345, 843, 1109, 673, 808, 847, 1495, 486, 940, 549, 587, 658, 451, 392, 145, 1342, 1474, 749, 1357, 1120, 492, 1249, 1051, 328, 502, 122, 694, 280, 586, 1029, 1453, 134, 271, 1053, 602, 172, 1269, 24, 955, 1171, 994, 1326, 312, 551, 64, 1376, 1414, 1431, 216, 221, 398, 430, 45, 184, 489, 313, 946, 1058, 1285, 470, 589, 624, 951, 195, 535, 131, 143, 942, 1441, 36, 728, 601, 426, 497, 930, 1460, 218, 759, 1153, 512, 684, 58, 300, 456, 794, 368, 1112, 981, 583, 510, 1456, 726, 429, 485, 303, 1388, 44, 1367, 1354, 1402, 370, 1214, 383, 1323, 408, 830, 1176, 996, 333, 109, 244, 782, 310, 618, 32, 1437, 611, 1296, 171, 695, 934, 1000, 1403, 902, 965, 37, 593, 943, 661, 1037, 838, 1459, 147, 1480, 1407, 1084, 1193, 1209, 388, 1027, 490, 1468, 1413, 1168, 1047, 1415, 23, 796, 449, 956, 906, 495, 650, 797, 855, 1344, 1177, 1031, 1114, 304, 438, 360, 1079, 1486, 434, 1284, 309, 1200, 1116, 1339, 1054, 880, 1043, 1057, 864, 404, 705, 1409, 832, 212, 415, 817, 210, 1137, 298, 1085, 613, 471, 544, 918, 1324, 188, 469, 1320, 189, 276, 245, 560, 1419, 285, 708, 194, 19]

Cluster ID: 1508
Cluster demand: 2139.0
Number of elements: 122
Element IDs:
[1106, 1179, 802, 821, 1374, 428, 803, 703, 1261, 1064, 1253, 144, 616, 281, 573, 1215, 570, 537, 1133, 800, 52, 413, 693, 420, 257, 590, 402, 707, 767, 609, 582, 1330, 1384, 1451, 200, 363, 768, 499, 1423, 837, 111, 1283, 959, 29, 1348, 533, 1429, 765, 919, 1239, 1141, 1098, 1221, 697, 1433, 266, 523, 557, 214, 696, 223, 976, 833, 1157, 118, 660, 1243, 653, 757, 645, 1291, 1124, 284, 606, 1408, 714, 921, 454, 117, 315, 442, 326, 911, 1198, 874, 1444, 343, 1155, 789, 932, 1275, 638, 336, 1246, 881, 401, 441, 1187, 321, 873, 1417, 252, 580, 779, 1158, 939, 1416, 929, 594, 702, 1074, 599, 88, 1071, 323, 105, 1092, 725, 1353, 250, 667, 494]

Unassigned customers: 0
Depots without assigned customers: 0
