3 75 3
415
415
415
1 41 51 30
2 28 32 13
3 71 32 26
4 49 80 21
5 88 17 11
6 54 14 2
7 45 68 2
8 72 99 10
9 13 60 17
10 62 83 25
11 30 66 30
12 37 58 11
13 81 41 22
14 18 67 8
15 74 53 17
16 70 33 3
17 24 43 9
18 66 42 16
19 92 32 14
20 13 90 4
21 28 5 13
22 24 20 3
23 48 59 14
24 36 69 8
25 14 45 2
26 11 47 9
27 2 54 18
28 52 2 6
29 87 20 8
30 48 97 3
31 33 77 19
32 68 68 1
33 90 23 5
34 83 32 27
35 78 86 20
36 7 44 15
37 68 14 7
38 74 84 12
39 72 63 11
40 4 91 18
41 48 1 9
42 44 71 10
43 18 34 20
44 19 35 24
45 63 64 19
46 100 76 19
47 92 89 6
48 51 1 2
49 96 25 24
50 99 42 7
51 57 9 7
52 60 39 3
53 18 6 29
54 32 41 17
55 72 0 1
56 44 49 26
57 0 96 23
58 52 0 7
59 64 0 24
60 89 62 23
61 74 34 3
62 45 94 26
63 39 65 6
64 67 34 11
65 18 7 20
66 41 11 4
67 61 64 29
68 6 26 29
69 100 59 2
70 92 57 20
71 38 16 24
72 9 11 12
73 37 15 24
74 45 59 12
75 78 82 7
76 33 96
77 98 76
78 92 53
