4 150 4
651
651
651
651
1 57 25 15
2 89 77 21
3 5 18 11
4 100 6 16
5 8 62 8
6 7 100 28
7 50 86 30
8 38 45 4
9 72 58 21
10 83 85 29
11 94 83 29
12 34 79 1
13 33 45 25
14 42 25 30
15 23 71 13
16 0 40 8
17 9 34 16
18 43 39 28
19 26 37 8
20 57 1 3
21 65 28 4
22 37 85 2
23 62 19 4
24 15 3 24
25 61 56 18
26 58 38 20
27 80 53 2
28 87 42 6
29 64 52 2
30 69 87 6
31 67 47 24
32 90 5 1
33 66 99 24
34 90 43 21
35 90 47 3
36 6 8 11
37 45 80 15
38 50 38 28
39 95 37 18
40 14 96 11
41 95 89 15
42 54 77 1
43 11 49 9
44 12 23 22
45 18 13 16
46 60 48 6
47 36 39 25
48 47 13 27
49 10 21 21
50 27 22 1
51 0 17 15
52 9 16 7
53 82 92 14
54 41 43 25
55 9 83 9
56 33 16 27
57 44 2 19
58 36 75 14
59 42 9 2
60 19 75 6
61 28 70 10
62 50 4 2
63 90 87 3
64 67 75 22
65 93 24 10
66 6 28 29
67 62 49 28
68 56 76 11
69 10 86 14
70 46 8 27
71 39 30 3
72 46 82 5
73 12 57 25
74 55 98 28
75 76 22 30
76 54 5 20
77 23 44 1
78 23 62 14
79 9 34 15
80 20 87 5
81 78 80 22
82 98 37 8
83 94 79 30
84 58 59 19
85 48 85 27
86 73 93 7
87 37 59 15
88 55 7 19
89 54 96 11
90 61 1 15
91 39 23 29
92 12 86 6
93 48 53 11
94 61 48 14
95 32 73 18
96 27 3 25
97 71 19 14
98 99 66 30
99 37 8 26
100 1 74 23
101 95 17 12
102 81 18 18
103 8 43 26
104 52 82 24
105 54 8 3
106 16 47 14
107 7 80 13
108 18 44 3
109 22 42 3
110 60 85 8
111 93 50 20
112 16 13 11
113 33 34 21
114 62 89 21
115 60 23 1
116 25 55 18
117 92 85 30
118 33 2 5
119 73 8 19
120 7 47 21
121 91 12 14
122 8 42 14
123 94 57 12
124 45 11 29
125 1 90 6
126 63 97 2
127 63 67 7
128 3 75 10
129 87 63 6
130 98 92 5
131 38 26 11
132 41 18 11
133 24 18 1
134 68 17 15
135 80 69 6
136 30 20 19
137 50 71 13
138 43 64 2
139 8 45 6
140 42 60 20
141 64 88 8
142 43 79 17
143 100 32 14
144 63 69 11
145 85 18 13
146 10 41 4
147 5 11 10
148 21 34 29
149 84 78 4
150 31 54 21
151 34 67
152 9 100
153 1 7
154 4 75
