3 125 3
768
768
768
1 60 92 14
2 46 37 29
3 100 8 13
4 24 81 10
5 85 6 29
6 25 41 8
7 22 51 28
8 21 82 1
9 34 97 6
10 0 68 8
11 67 22 25
12 32 17 23
13 8 93 17
14 91 78 15
15 96 22 28
16 10 68 18
17 76 15 9
18 48 19 25
19 80 71 23
20 10 96 3
21 96 37 29
22 13 64 1
23 83 3 1
24 25 67 26
25 45 32 5
26 68 74 7
27 27 2 28
28 64 29 8
29 31 46 30
30 97 28 7
31 60 11 12
32 29 0 1
33 77 95 16
34 94 89 20
35 35 37 26
36 14 25 12
37 14 97 13
38 48 93 21
39 56 17 12
40 19 78 29
41 64 48 29
42 98 36 10
43 77 1 29
44 58 26 16
45 74 72 9
46 91 37 2
47 45 78 15
48 82 16 6
49 53 20 20
50 53 2 23
51 6 76 13
52 5 52 10
53 29 42 13
54 20 60 7
55 80 13 25
56 1 27 25
57 72 89 9
58 61 70 14
59 81 86 10
60 99 65 30
61 19 75 2
62 52 15 15
63 30 11 6
64 43 35 21
65 56 21 2
66 72 66 7
67 79 74 15
68 41 8 19
69 35 83 3
70 76 83 30
71 31 93 22
72 81 65 13
73 50 12 19
74 46 29 15
75 77 42 25
76 55 33 14
77 82 86 12
78 27 65 28
79 13 66 20
80 46 53 26
81 72 92 13
82 89 3 12
83 96 62 13
84 5 66 18
85 21 76 18
86 89 82 24
87 33 95 13
88 56 94 13
89 36 74 12
90 20 0 8
91 12 61 30
92 75 83 1
93 74 18 4
94 86 54 4
95 91 38 19
96 23 49 4
97 18 9 13
98 30 78 3
99 89 92 22
100 62 28 5
101 34 57 13
102 53 53 3
103 90 9 29
104 5 64 17
105 12 46 5
106 0 84 26
107 1 56 20
108 80 37 15
109 93 43 25
110 54 4 9
111 68 16 18
112 61 38 29
113 0 42 30
114 16 85 12
115 79 18 27
116 64 11 8
117 1 15 3
118 56 51 19
119 4 73 3
120 34 75 22
121 86 31 15
122 45 79 3
123 55 25 29
124 73 86 5
125 84 27 21
126 41 16
127 36 71
128 60 91
