4 249 4
1219
1219
1219
1219
1 65 70 19
2 20 97 18
3 54 88 26
4 58 57 15
5 84 43 7
6 19 89 29
7 31 90 12
8 7 77 8
9 31 81 11
10 86 61 11
11 33 21 18
12 62 12 11
13 12 49 2
14 30 66 2
15 14 4 13
16 7 33 25
17 98 13 7
18 99 4 3
19 58 73 7
20 27 87 25
21 59 42 12
22 74 15 9
23 43 91 15
24 26 94 30
25 1 44 15
26 18 21 15
27 68 96 13
28 77 75 14
29 33 10 18
30 65 76 30
31 44 72 18
32 30 100 13
33 75 89 29
34 69 99 19
35 69 76 8
36 9 23 22
37 75 67 11
38 83 81 2
39 31 30 30
40 21 24 15
41 86 19 2
42 81 42 22
43 53 22 19
44 11 20 2
45 5 51 20
46 67 58 26
47 9 75 25
48 27 81 5
49 14 83 2
50 22 13 10
51 47 58 23
52 91 1 3
53 20 58 20
54 72 97 11
55 55 41 29
56 49 85 11
57 20 72 3
58 64 73 8
59 92 6 15
60 43 30 10
61 90 32 21
62 81 97 13
63 45 31 19
64 30 27 22
65 73 35 21
66 65 17 15
67 44 87 12
68 98 87 17
69 31 90 28
70 14 33 14
71 57 87 20
72 4 27 21
73 30 100 21
74 77 43 30
75 49 96 23
76 38 32 17
77 29 39 15
78 94 12 11
79 37 90 25
80 37 14 17
81 68 95 14
82 91 1 3
83 36 81 25
84 37 72 23
85 56 61 23
86 15 94 15
87 39 18 23
88 41 3 18
89 22 77 8
90 90 69 1
91 15 78 5
92 55 96 29
93 48 17 10
94 60 15 5
95 16 38 25
96 82 19 4
97 52 85 14
98 66 100 2
99 49 48 13
100 72 69 13
101 83 42 20
102 18 16 24
103 94 39 17
104 22 6 6
105 36 100 28
106 70 99 17
107 9 61 27
108 12 52 17
109 71 32 29
110 87 44 28
111 0 50 27
112 100 55 26
113 11 36 30
114 89 17 21
115 42 29 28
116 87 99 5
117 86 90 17
118 85 81 4
119 53 5 26
120 82 26 24
121 23 44 30
122 69 11 8
123 97 15 28
124 3 90 16
125 18 53 5
126 97 36 29
127 92 13 19
128 72 91 22
129 78 86 9
130 57 87 11
131 13 98 4
132 17 22 9
133 84 10 19
134 81 62 22
135 95 94 10
136 72 10 20
137 100 7 3
138 71 41 21
139 12 55 27
140 84 59 11
141 49 53 18
142 37 70 4
143 17 15 8
144 70 70 30
145 16 40 13
146 17 80 9
147 53 13 11
148 39 57 30
149 23 51 9
150 16 71 6
151 6 24 22
152 48 85 13
153 66 30 7
154 81 55 9
155 5 52 24
156 86 43 10
157 56 49 25
158 50 71 27
159 73 34 29
160 36 82 20
161 72 76 2
162 8 36 2
163 6 12 12
164 12 11 28
165 43 17 3
166 41 16 19
167 98 5 22
168 8 83 12
169 4 5 14
170 45 6 17
171 80 98 25
172 72 14 27
173 67 12 22
174 65 65 26
175 40 73 18
176 95 61 28
177 81 45 29
178 96 54 21
179 76 32 6
180 76 98 30
181 44 62 28
182 85 55 15
183 71 90 1
184 17 27 29
185 88 40 19
186 12 52 26
187 21 26 17
188 32 14 27
189 16 87 29
190 18 72 9
191 73 69 5
192 26 83 14
193 94 56 4
194 32 43 11
195 62 53 14
196 43 37 26
197 33 49 19
198 76 95 19
199 47 86 20
200 59 35 12
201 85 73 9
202 70 40 21
203 73 61 1
204 47 63 7
205 32 78 16
206 92 80 13
207 71 85 8
208 11 75 29
209 98 16 30
210 36 52 4
211 58 46 13
212 56 0 3
213 44 96 28
214 36 72 2
215 93 45 5
216 21 58 21
217 77 8 21
218 95 3 3
219 51 83 6
220 96 1 28
221 63 61 16
222 57 26 26
223 23 11 4
224 48 66 23
225 56 0 25
226 38 58 28
227 89 87 24
228 89 76 8
229 70 13 18
230 40 20 5
231 71 32 23
232 93 95 4
233 72 84 15
234 65 90 2
235 33 30 4
236 96 58 23
237 58 86 26
238 13 54 13
239 41 51 26
240 38 75 11
241 89 9 11
242 81 23 28
243 18 83 20
244 59 65 7
245 5 88 26
246 64 49 17
247 5 86 10
248 19 5 23
249 29 3 29
250 0 75
251 40 24
252 25 96
253 10 62
