15 1500 11
150
100
150
150
150
100
100
150
120
200
200
1 81 14 1
2 94 35 8
3 28 17 24
4 13 86 24
5 69 11 19
6 54 4 1
7 11 27 8
8 64 77 1
9 71 25 23
10 83 89 18
11 53 28 15
12 75 35 26
13 0 97 26
14 20 89 14
15 43 35 5
16 27 97 11
17 13 11 13
18 12 45 28
19 44 77 9
20 5 93 15
21 68 15 30
22 48 10 18
23 37 80 20
24 46 73 7
25 90 8 2
26 84 29 25
27 37 10 28
28 29 12 13
29 35 58 21
30 46 20 12
31 45 26 22
32 34 89 30
33 87 82 3
34 77 81 6
35 68 93 8
36 20 59 13
37 34 81 23
38 71 28 22
39 41 98 25
40 7 29 27
41 4 40 13
42 34 8 7
43 72 91 11
44 27 83 16
45 50 82 15
46 18 33 5
47 31 95 18
48 68 33 24
49 74 54 29
50 74 51 12
51 28 17 17
52 63 11 25
53 6 14 5
54 80 20 26
55 87 54 20
56 8 49 13
57 76 59 17
58 32 70 28
59 1 87 24
60 14 87 29
61 68 96 9
62 98 82 11
63 14 37 14
64 20 58 1
65 92 92 9
66 64 97 6
67 64 13 28
68 80 38 27
69 81 64 20
70 25 19 12
71 97 20 18
72 99 67 30
73 0 76 11
74 62 2 4
75 46 39 8
76 7 30 29
77 72 10 3
78 93 62 27
79 8 97 18
80 98 16 5
81 84 60 18
82 21 33 17
83 77 54 7
84 69 96 24
85 88 25 23
86 39 51 22
87 83 47 15
88 66 57 4
89 31 28 3
90 43 2 19
91 70 29 19
92 28 0 3
93 90 80 2
94 29 8 29
95 4 42 3
96 65 30 9
97 85 62 7
98 69 16 24
99 73 73 16
100 31 100 16
101 52 24 4
102 12 84 14
103 45 54 14
104 59 93 2
105 86 83 21
106 12 7 13
107 93 43 26
108 13 31 7
109 24 68 15
110 17 54 6
111 35 59 8
112 9 56 26
113 70 12 2
114 83 69 27
115 1 11 30
116 96 30 6
117 52 62 16
118 27 51 29
119 7 21 13
120 0 49 9
121 100 100 15
122 36 54 23
123 93 100 18
124 84 91 16
125 19 24 10
126 27 7 19
127 94 69 2
128 95 40 2
129 6 74 16
130 64 67 6
131 7 65 3
132 23 8 20
133 8 86 28
134 30 51 4
135 72 31 19
136 76 5 20
137 10 53 22
138 74 72 17
139 40 33 7
140 85 91 11
141 30 33 13
142 16 85 21
143 38 58 11
144 96 9 1
145 58 79 19
146 12 9 18
147 27 64 9
148 16 44 29
149 8 31 12
150 36 20 15
151 69 90 10
152 78 83 17
153 1 85 27
154 70 38 30
155 84 13 29
156 17 33 4
157 13 95 18
158 19 34 10
159 77 26 23
160 43 26 22
161 81 33 17
162 62 32 29
163 6 11 21
164 54 35 2
165 0 42 25
166 16 81 9
167 20 94 15
168 70 90 14
169 71 1 4
170 9 88 29
171 19 69 2
172 47 74 18
173 18 55 5
174 5 39 12
175 5 45 7
176 87 31 22
177 13 45 25
178 71 52 20
179 95 19 30
180 30 20 26
181 22 52 1
182 22 94 30
183 42 100 30
184 52 85 28
185 94 31 9
186 20 100 23
187 13 48 28
188 4 60 8
189 25 58 12
190 39 29 8
191 3 84 7
192 51 42 9
193 8 98 9
194 44 82 17
195 51 86 27
196 68 42 1
197 14 33 6
198 74 33 2
199 13 76 14
200 44 93 26
201 40 55 20
202 65 14 13
203 73 24 9
204 5 90 14
205 0 66 30
206 68 87 24
207 94 94 22
208 25 46 14
209 8 85 30
210 42 79 11
211 84 15 24
212 38 64 10
213 85 52 11
214 51 89 10
215 70 16 7
216 53 85 13
217 86 95 29
218 22 78 19
219 38 51 18
220 0 38 10
221 26 55 26
222 74 77 21
223 41 59 15
224 56 86 7
225 65 60 26
226 94 21 22
227 10 36 17
228 84 81 20
229 42 11 27
230 96 30 22
231 39 28 26
232 25 18 1
233 5 31 16
234 78 98 3
235 58 53 29
236 80 73 7
237 91 89 13
238 63 51 8
239 18 83 23
240 0 96 28
241 98 13 25
242 54 28 6
243 89 66 15
244 6 71 8
245 15 58 5
246 59 85 17
247 71 76 11
248 96 56 20
249 92 64 14
250 70 57 29
251 20 95 28
252 60 57 9
253 96 31 27
254 81 35 25
255 99 66 16
256 80 30 9
257 56 9 23
258 36 30 9
259 42 40 29
260 69 10 5
261 19 29 13
262 88 19 23
263 27 8 14
264 52 42 18
265 59 53 2
266 26 53 13
267 98 74 23
268 2 97 19
269 48 61 1
270 45 38 25
271 49 53 18
272 95 94 18
273 77 28 16
274 28 34 14
275 62 3 13
276 43 85 22
277 51 92 6
278 59 16 20
279 68 3 30
280 50 75 19
281 84 3 3
282 82 54 5
283 59 23 2
284 33 48 11
285 27 58 11
286 43 97 29
287 48 35 25
288 53 32 27
289 10 60 1
290 95 69 2
291 44 28 21
292 8 99 21
293 5 96 1
294 31 25 27
295 2 79 5
296 30 16 16
297 85 14 19
298 27 59 23
299 32 98 12
300 21 77 20
301 95 91 4
302 99 20 10
303 13 74 1
304 39 73 22
305 48 50 23
306 25 9 19
307 88 80 8
308 13 89 25
309 38 87 20
310 15 72 26
311 5 44 18
312 54 84 12
313 8 64 21
314 43 1 28
315 53 62 4
316 55 46 21
317 58 90 5
318 55 22 24
319 66 83 9
320 78 68 25
321 61 59 14
322 93 75 9
323 41 31 27
324 11 35 29
325 57 31 25
326 59 72 20
327 85 48 11
328 3 63 28
329 41 23 16
330 27 45 26
331 33 43 9
332 76 89 29
333 35 71 1
334 66 24 3
335 30 92 14
336 62 71 25
337 30 88 16
338 82 91 16
339 57 2 3
340 37 28 13
341 88 31 10
342 84 74 12
343 60 70 17
344 44 54 24
345 70 42 12
346 89 58 9
347 39 32 8
348 15 92 7
349 40 15 24
350 68 97 23
351 23 24 7
352 94 61 9
353 92 75 25
354 67 76 10
355 12 24 10
356 29 46 6
357 38 1 23
358 68 16 9
359 5 6 18
360 37 89 5
361 81 96 16
362 13 1 19
363 36 60 16
364 56 43 6
365 6 32 28
366 61 14 27
367 8 51 16
368 9 73 21
369 87 6 5
370 19 72 10
371 10 31 4
372 71 97 14
373 77 76 26
374 79 28 25
375 66 48 15
376 56 38 28
377 75 54 10
378 72 79 2
379 78 94 4
380 97 26 21
381 27 33 22
382 10 20 8
383 22 70 3
384 20 0 14
385 57 88 20
386 60 37 2
387 29 36 23
388 36 89 28
389 58 9 22
390 29 33 26
391 80 75 22
392 25 54 4
393 69 28 21
394 19 34 27
395 18 9 2
396 21 39 20
397 95 72 30
398 36 56 4
399 59 88 10
400 89 51 9
401 64 69 16
402 56 10 20
403 5 55 24
404 41 77 9
405 3 11 8
406 86 73 19
407 2 97 22
408 34 73 2
409 97 96 6
410 60 66 21
411 56 35 6
412 74 55 21
413 62 11 16
414 44 52 11
415 41 85 4
416 20 42 14
417 88 63 10
418 84 51 27
419 97 70 2
420 58 11 11
421 32 41 4
422 98 51 28
423 65 0 22
424 69 59 14
425 6 24 17
426 46 79 25
427 63 80 15
428 97 6 7
429 34 70 5
430 36 56 29
431 89 62 4
432 3 80 20
433 30 90 6
434 39 70 1
435 70 52 3
436 28 14 15
437 15 82 27
438 19 63 30
439 91 37 17
440 90 34 14
441 61 60 8
442 58 70 5
443 49 24 30
444 76 65 24
445 17 8 9
446 98 53 11
447 100 64 9
448 0 36 24
449 38 75 19
450 84 62 28
451 19 57 18
452 61 44 11
453 70 97 18
454 48 58 30
455 41 24 23
456 30 73 13
457 29 99 14
458 5 40 24
459 60 90 30
460 48 49 22
461 83 19 16
462 4 16 17
463 75 42 28
464 12 56 4
465 67 58 1
466 92 18 14
467 83 19 3
468 60 100 9
469 43 79 23
470 50 83 3
471 42 86 28
472 68 48 11
473 80 91 29
474 97 62 28
475 69 4 20
476 8 30 21
477 87 36 8
478 95 11 14
479 12 97 21
480 90 12 15
481 21 88 10
482 3 5 11
483 7 37 12
484 47 55 5
485 31 67 14
486 72 87 26
487 23 21 6
488 10 78 28
489 48 79 22
490 30 63 30
491 74 18 8
492 59 81 9
493 58 32 22
494 1 59 29
495 36 86 18
496 20 9 15
497 44 75 10
498 81 54 23
499 32 58 28
500 38 25 13
501 61 13 8
502 48 73 12
503 73 37 23
504 37 2 27
505 84 50 9
506 1 72 28
507 87 99 24
508 6 77 24
509 63 36 25
510 29 77 26
511 45 28 21
512 24 79 9
513 86 96 24
514 98 84 22
515 17 80 4
516 80 82 2
517 39 100 15
518 4 74 12
519 93 16 3
520 37 41 24
521 53 22 7
522 16 100 18
523 46 67 17
524 34 21 9
525 61 37 24
526 43 14 15
527 9 18 25
528 28 86 24
529 86 50 28
530 71 46 3
531 50 1 9
532 68 15 15
533 47 86 24
534 86 33 19
535 48 81 12
536 13 86 8
537 60 3 20
538 71 41 30
539 78 28 21
540 8 81 27
541 59 89 10
542 83 52 4
543 17 5 2
544 38 63 4
545 12 30 29
546 68 17 13
547 58 47 22
548 95 89 18
549 53 75 24
550 93 19 29
551 53 83 4
552 62 78 14
553 35 4 23
554 47 27 15
555 56 30 28
556 46 12 22
557 47 69 29
558 82 45 2
559 50 35 7
560 15 58 3
561 84 27 21
562 81 76 1
563 6 100 11
564 31 16 26
565 72 26 3
566 97 70 7
567 75 27 27
568 29 42 25
569 18 100 29
570 76 0 9
571 18 16 18
572 32 22 4
573 84 3 5
574 1 45 26
575 100 30 19
576 41 2 6
577 33 6 5
578 94 53 17
579 14 95 3
580 60 57 25
581 46 65 19
582 13 57 17
583 28 78 2
584 93 100 30
585 84 66 10
586 58 82 1
587 7 61 28
588 51 54 22
589 13 62 23
590 56 9 29
591 10 41 20
592 18 8 5
593 35 79 21
594 74 70 23
595 41 48 20
596 67 37 15
597 64 77 14
598 12 89 4
599 83 83 29
600 98 70 24
601 27 55 15
602 29 52 11
603 58 51 14
604 93 12 11
605 54 40 22
606 32 47 5
607 87 60 3
608 11 10 3
609 55 12 24
610 94 47 26
611 16 71 2
612 75 71 18
613 42 85 4
614 52 45 28
615 85 96 14
616 92 6 10
617 76 39 12
618 13 73 17
619 27 19 22
620 61 28 28
621 13 44 28
622 71 47 4
623 97 35 19
624 28 54 28
625 71 98 27
626 79 78 22
627 82 71 1
628 77 84 27
629 88 34 1
630 23 34 23
631 97 39 30
632 43 44 1
633 23 18 19
634 84 51 3
635 18 94 21
636 3 11 24
637 67 27 13
638 53 58 11
639 20 47 10
640 92 41 25
641 72 76 3
642 6 19 6
643 96 79 2
644 86 10 9
645 56 84 14
646 62 77 15
647 53 34 7
648 96 65 4
649 44 55 4
650 36 86 22
651 75 62 17
652 85 39 2
653 28 50 20
654 7 0 7
655 38 27 25
656 17 97 9
657 37 41 4
658 0 63 24
659 55 22 5
660 48 68 23
661 29 64 18
662 85 45 3
663 50 94 2
664 55 2 15
665 9 40 19
666 54 73 13
667 90 81 14
668 37 14 13
669 2 41 6
670 79 58 27
671 88 46 3
672 55 13 8
673 55 75 13
674 67 10 13
675 39 95 11
676 28 42 25
677 21 9 17
678 81 14 17
679 65 24 29
680 99 44 12
681 93 82 27
682 18 30 4
683 18 32 7
684 22 77 5
685 97 97 21
686 9 22 25
687 80 63 15
688 96 72 25
689 74 57 22
690 72 82 21
691 79 41 28
692 80 40 5
693 56 8 16
694 56 80 10
695 35 75 2
696 45 64 3
697 39 59 15
698 4 7 12
699 36 9 21
700 11 78 20
701 64 49 15
702 74 70 26
703 94 5 15
704 73 83 7
705 41 77 16
706 64 19 2
707 57 13 26
708 43 91 3
709 64 82 6
710 5 31 23
711 56 56 17
712 66 78 6
713 46 47 30
714 36 49 14
715 99 43 22
716 76 6 26
717 80 82 11
718 8 42 4
719 71 86 13
720 36 32 24
721 84 77 28
722 19 42 3
723 74 84 5
724 44 39 21
725 89 84 13
726 16 76 23
727 10 39 18
728 48 82 26
729 42 16 22
730 89 94 22
731 67 11 21
732 85 54 17
733 46 2 12
734 39 23 7
735 43 98 16
736 24 28 5
737 19 9 10
738 100 12 17
739 98 69 27
740 94 67 2
741 84 43 29
742 98 79 5
743 76 48 5
744 20 23 27
745 88 98 20
746 21 92 15
747 5 52 12
748 86 92 8
749 56 78 10
750 96 95 26
751 57 29 18
752 30 39 26
753 100 60 29
754 24 47 22
755 73 56 15
756 98 36 25
757 48 64 17
758 53 20 27
759 25 77 5
760 32 6 21
761 61 47 18
762 13 91 28
763 66 15 10
764 10 97 6
765 34 57 29
766 65 18 27
767 55 11 30
768 28 57 29
769 44 3 14
770 6 50 17
771 47 30 13
772 10 47 8
773 3 40 30
774 12 91 21
775 42 18 5
776 4 36 30
777 60 89 27
778 17 97 23
779 60 57 20
780 0 10 1
781 32 27 27
782 19 70 24
783 77 67 14
784 14 99 10
785 30 38 4
786 6 30 14
787 81 79 15
788 8 14 27
789 63 76 18
790 2 80 17
791 73 30 23
792 18 37 14
793 0 78 12
794 30 73 14
795 23 85 22
796 10 67 12
797 8 67 18
798 64 100 17
799 70 2 13
800 60 5 21
801 49 47 9
802 95 2 12
803 100 8 12
804 30 93 22
805 80 13 25
806 74 94 25
807 42 17 2
808 45 69 11
809 82 22 27
810 99 87 15
811 89 61 21
812 23 17 3
813 91 99 15
814 4 37 7
815 5 25 29
816 5 40 30
817 39 65 13
818 69 60 9
819 4 96 21
820 24 36 12
821 99 6 28
822 83 42 9
823 15 47 14
824 51 95 15
825 49 43 6
826 63 88 16
827 47 66 9
828 10 93 14
829 10 55 20
830 23 69 10
831 41 13 3
832 41 84 10
833 39 57 20
834 91 54 6
835 88 56 12
836 57 5 24
837 45 78 14
838 35 81 26
839 7 9 22
840 81 51 12
841 65 95 22
842 20 3 5
843 77 86 26
844 56 4 5
845 8 30 25
846 82 46 12
847 49 72 2
848 77 19 22
849 57 47 12
850 56 97 3
851 73 17 17
852 46 50 11
853 83 35 8
854 14 3 24
855 23 63 17
856 49 71 4
857 33 99 9
858 90 57 7
859 78 36 23
860 62 25 4
861 17 9 15
862 22 91 15
863 11 87 28
864 40 85 12
865 90 8 18
866 69 37 29
867 38 20 23
868 90 89 21
869 22 46 17
870 28 15 7
871 17 30 26
872 63 3 12
873 70 73 12
874 59 70 5
875 78 11 3
876 39 50 23
877 92 61 17
878 52 98 14
879 73 9 5
880 40 82 3
881 57 59 22
882 66 44 5
883 99 70 21
884 75 23 25
885 16 55 17
886 7 15 17
887 19 38 6
888 20 41 30
889 90 28 12
890 66 36 28
891 10 32 7
892 81 70 9
893 16 80 10
894 78 68 3
895 64 82 6
896 75 74 5
897 21 84 20
898 92 77 11
899 72 5 27
900 3 10 2
901 82 98 19
902 33 83 7
903 98 73 14
904 79 81 1
905 63 80 18
906 37 82 10
907 61 31 26
908 87 51 10
909 58 9 23
910 7 20 15
911 53 61 15
912 26 43 20
913 18 40 28
914 91 40 24
915 44 51 5
916 97 47 17
917 71 13 11
918 30 59 4
919 34 57 8
920 18 12 2
921 37 49 28
922 78 53 8
923 20 41 30
924 73 92 11
925 24 97 6
926 63 65 15
927 63 39 16
928 2 11 13
929 64 58 8
930 27 74 12
931 6 6 10
932 63 76 29
933 83 86 16
934 36 68 1
935 13 55 5
936 33 93 12
937 97 51 12
938 5 51 2
939 72 71 7
940 46 70 10
941 9 49 17
942 57 97 18
943 35 79 22
944 78 15 5
945 12 50 12
946 43 71 12
947 96 18 7
948 77 65 13
949 64 5 2
950 4 17 23
951 42 60 17
952 58 19 20
953 65 17 11
954 78 40 6
955 50 78 24
956 38 75 11
957 64 65 18
958 62 90 19
959 38 60 27
960 2 47 11
961 86 14 14
962 74 39 26
963 92 88 21
964 3 76 16
965 33 83 26
966 99 74 19
967 29 92 2
968 74 61 6
969 67 80 24
970 79 99 27
971 48 18 27
972 87 31 2
973 73 89 4
974 24 2 15
975 40 53 5
976 52 88 7
977 52 64 25
978 78 60 28
979 94 93 2
980 90 17 17
981 26 71 11
982 84 61 17
983 48 40 6
984 58 68 11
985 69 45 22
986 98 92 22
987 82 88 9
988 78 61 7
989 31 35 18
990 38 28 10
991 98 36 23
992 26 88 23
993 62 40 16
994 44 71 30
995 92 35 10
996 15 73 22
997 69 48 29
998 50 44 25
999 18 37 2
1000 36 91 3
1001 44 56 21
1002 32 95 16
1003 27 25 27
1004 68 34 30
1005 71 89 9
1006 17 13 20
1007 94 75 8
1008 31 6 22
1009 67 28 21
1010 29 6 4
1011 52 42 23
1012 60 12 22
1013 98 17 1
1014 70 20 14
1015 83 60 16
1016 83 25 25
1017 36 41 10
1018 82 7 30
1019 98 11 21
1020 73 29 18
1021 94 92 28
1022 4 22 14
1023 22 4 27
1024 50 100 16
1025 23 95 28
1026 37 4 1
1027 38 72 20
1028 13 42 10
1029 58 82 18
1030 67 63 29
1031 17 64 15
1032 34 24 26
1033 14 42 6
1034 93 58 21
1035 32 91 6
1036 1 94 11
1037 37 72 22
1038 96 24 6
1039 78 81 29
1040 51 54 17
1041 41 11 13
1042 85 12 6
1043 17 61 11
1044 31 0 9
1045 49 30 15
1046 96 34 11
1047 38 74 24
1048 73 1 9
1049 83 46 23
1050 30 7 22
1051 15 59 10
1052 20 51 22
1053 64 90 25
1054 39 88 4
1055 81 37 12
1056 78 28 8
1057 17 61 5
1058 58 95 20
1059 47 53 23
1060 70 60 25
1061 68 85 27
1062 27 97 8
1063 87 96 20
1064 100 10 17
1065 57 67 23
1066 46 9 30
1067 72 14 2
1068 70 64 7
1069 73 68 5
1070 21 41 28
1071 66 56 4
1072 87 26 23
1073 74 62 3
1074 65 57 26
1075 7 58 5
1076 65 53 15
1077 72 7 18
1078 59 86 26
1079 39 92 1
1080 50 32 27
1081 0 95 7
1082 74 9 2
1083 54 44 23
1084 8 69 2
1085 8 60 2
1086 36 52 6
1087 98 17 25
1088 82 93 21
1089 53 47 29
1090 48 57 28
1091 48 48 3
1092 87 84 28
1093 69 17 21
1094 44 15 6
1095 68 50 17
1096 16 93 8
1097 0 96 1
1098 38 59 22
1099 92 69 14
1100 68 48 27
1101 29 31 15
1102 44 19 9
1103 24 92 25
1104 14 4 26
1105 84 53 20
1106 98 2 8
1107 26 8 4
1108 76 4 15
1109 76 86 23
1110 6 31 24
1111 5 51 15
1112 29 69 7
1113 96 99 2
1114 17 64 10
1115 29 93 19
1116 40 73 20
1117 98 86 27
1118 41 30 10
1119 18 84 17
1120 28 52 10
1121 35 7 18
1122 75 94 30
1123 22 80 22
1124 54 71 16
1125 6 44 21
1126 85 48 26
1127 67 40 23
1128 53 52 5
1129 38 48 6
1130 96 68 16
1131 30 28 10
1132 90 18 26
1133 59 7 18
1134 52 53 18
1135 67 17 13
1136 31 32 7
1137 42 82 3
1138 57 47 3
1139 68 92 27
1140 24 6 9
1141 48 86 20
1142 77 5 28
1143 9 24 26
1144 97 75 24
1145 85 71 7
1146 61 26 28
1147 42 38 30
1148 1 27 30
1149 24 94 4
1150 95 96 16
1151 31 89 20
1152 90 26 13
1153 30 70 11
1154 99 36 13
1155 59 68 21
1156 45 39 9
1157 46 65 29
1158 63 59 4
1159 92 60 25
1160 40 26 12
1161 40 52 2
1162 72 28 24
1163 18 2 9
1164 70 74 19
1165 92 53 10
1166 19 25 11
1167 29 48 19
1168 31 63 18
1169 83 87 11
1170 32 97 27
1171 62 92 21
1172 94 62 15
1173 21 93 26
1174 45 21 5
1175 92 69 16
1176 23 69 21
1177 7 67 2
1178 9 85 2
1179 97 0 14
1180 17 80 8
1181 8 90 5
1182 1 27 17
1183 58 47 2
1184 79 81 22
1185 78 61 22
1186 62 2 1
1187 68 70 14
1188 1 2 17
1189 92 35 18
1190 36 2 17
1191 89 86 14
1192 22 13 30
1193 12 67 5
1194 30 24 20
1195 67 32 27
1196 45 34 26
1197 50 10 12
1198 51 58 19
1199 31 89 8
1200 38 87 27
1201 10 83 28
1202 83 97 2
1203 11 51 13
1204 48 70 16
1205 7 81 1
1206 89 21 3
1207 63 55 21
1208 100 42 19
1209 12 67 30
1210 5 29 7
1211 88 72 16
1212 34 5 30
1213 9 87 30
1214 35 69 19
1215 84 4 6
1216 40 2 7
1217 75 18 25
1218 91 50 30
1219 9 38 6
1220 72 30 19
1221 49 86 29
1222 69 42 13
1223 96 94 5
1224 88 92 3
1225 64 95 12
1226 6 12 14
1227 29 9 11
1228 77 98 20
1229 76 50 25
1230 41 3 21
1231 34 100 15
1232 62 29 12
1233 70 48 14
1234 23 87 19
1235 84 48 3
1236 98 79 10
1237 31 91 3
1238 10 34 5
1239 48 91 26
1240 81 19 24
1241 49 40 12
1242 13 11 1
1243 39 56 12
1244 97 34 4
1245 16 11 6
1246 55 57 18
1247 71 65 14
1248 13 3 3
1249 45 70 3
1250 76 76 26
1251 41 49 1
1252 37 52 13
1253 99 10 24
1254 71 31 19
1255 66 21 22
1256 48 21 5
1257 34 38 9
1258 63 18 3
1259 21 55 9
1260 53 38 16
1261 100 9 12
1262 32 31 24
1263 80 63 20
1264 78 25 15
1265 13 17 10
1266 0 50 11
1267 79 48 26
1268 42 56 11
1269 55 83 20
1270 17 38 11
1271 77 88 7
1272 61 40 6
1273 50 40 10
1274 94 88 21
1275 62 73 26
1276 31 41 13
1277 35 100 13
1278 46 14 30
1279 72 25 19
1280 69 23 22
1281 98 70 1
1282 93 59 23
1283 26 56 26
1284 37 88 3
1285 52 86 16
1286 17 81 10
1287 30 32 22
1288 19 91 14
1289 48 9 15
1290 76 61 19
1291 51 68 17
1292 88 53 18
1293 4 46 23
1294 68 76 21
1295 10 13 25
1296 31 84 22
1297 45 21 21
1298 78 5 19
1299 82 86 21
1300 51 96 11
1301 55 13 1
1302 12 33 8
1303 65 95 17
1304 71 74 23
1305 73 28 15
1306 47 50 15
1307 98 86 19
1308 88 64 5
1309 44 3 16
1310 13 37 14
1311 10 14 27
1312 93 18 12
1313 39 43 15
1314 100 26 17
1315 61 44 16
1316 12 56 24
1317 89 57 11
1318 8 38 2
1319 90 14 1
1320 43 82 4
1321 86 21 30
1322 94 31 17
1323 22 70 6
1324 42 71 14
1325 59 29 26
1326 51 80 6
1327 23 81 22
1328 55 50 1
1329 94 78 29
1330 25 57 19
1331 54 49 1
1332 90 27 7
1333 35 96 23
1334 8 73 4
1335 68 23 12
1336 41 25 15
1337 14 33 22
1338 62 67 21
1339 40 76 13
1340 78 50 19
1341 14 44 12
1342 58 79 6
1343 86 90 26
1344 38 78 19
1345 10 86 5
1346 40 15 8
1347 39 14 6
1348 47 88 5
1349 65 49 14
1350 76 17 19
1351 49 54 6
1352 62 81 18
1353 88 82 30
1354 22 71 6
1355 62 36 5
1356 23 40 27
1357 57 79 2
1358 45 1 16
1359 17 24 27
1360 49 71 17
1361 83 63 14
1362 87 62 14
1363 90 56 16
1364 21 10 19
1365 3 97 8
1366 37 4 9
1367 28 68 10
1368 21 99 15
1369 72 95 25
1370 98 63 18
1371 65 14 19
1372 14 34 25
1373 69 46 18
1374 96 5 25
1375 92 56 18
1376 27 54 4
1377 94 83 25
1378 31 38 28
1379 4 57 9
1380 44 11 15
1381 15 99 26
1382 30 26 26
1383 94 75 23
1384 44 90 20
1385 80 54 6
1386 78 17 26
1387 26 26 26
1388 7 72 12
1389 68 35 20
1390 68 21 11
1391 90 37 10
1392 73 34 28
1393 65 86 27
1394 12 17 25
1395 100 52 30
1396 7 35 28
1397 83 16 23
1398 16 31 5
1399 91 41 27
1400 31 97 27
1401 86 50 16
1402 18 73 21
1403 34 80 14
1404 48 57 3
1405 81 98 3
1406 51 65 24
1407 35 88 30
1408 47 58 16
1409 41 74 1
1410 99 93 3
1411 93 58 21
1412 85 89 12
1413 8 68 13
1414 27 54 27
1415 27 63 9
1416 41 36 11
1417 70 73 5
1418 72 62 26
1419 43 87 25
1420 6 5 4
1421 80 100 27
1422 58 2 4
1423 20 56 15
1424 0 54 7
1425 88 16 29
1426 83 38 6
1427 35 11 21
1428 46 32 3
1429 47 85 29
1430 83 21 2
1431 50 80 10
1432 92 89 25
1433 29 54 21
1434 11 90 4
1435 0 27 16
1436 9 16 19
1437 28 66 22
1438 56 1 1
1439 89 43 27
1440 15 54 23
1441 16 61 3
1442 29 49 3
1443 93 13 4
1444 40 47 29
1445 38 17 13
1446 99 96 28
1447 17 82 22
1448 18 8 17
1449 72 1 20
1450 83 21 15
1451 44 92 7
1452 80 95 5
1453 52 78 22
1454 56 27 3
1455 12 17 25
1456 15 75 24
1457 49 44 14
1458 40 17 8
1459 35 82 3
1460 31 70 20
1461 76 92 20
1462 36 99 23
1463 3 84 29
1464 38 26 17
1465 77 65 7
1466 95 50 10
1467 82 6 26
1468 30 63 13
1469 14 30 16
1470 81 76 3
1471 67 1 12
1472 40 16 13
1473 72 53 12
1474 69 87 6
1475 97 60 25
1476 9 2 19
1477 8 1 9
1478 27 5 30
1479 7 50 17
1480 36 80 23
1481 64 98 14
1482 54 89 13
1483 10 81 18
1484 68 78 5
1485 35 10 10
1486 10 65 30
1487 26 19 18
1488 41 50 19
1489 81 97 27
1490 83 87 21
1491 8 39 23
1492 55 93 28
1493 30 7 8
1494 11 55 4
1495 58 78 20
1496 7 39 22
1497 94 84 24
1498 22 15 1
1499 90 17 23
1500 1 20 16
1501 44 66
1502 66 100
1503 92 33
1504 21 47
1505 16 95
1506 99 34
1507 93 15
1508 98 3
1509 42 54
1510 34 67
1511 20 20