4 154 5
140
140
140
140
140
1 23.12855994 -82.3838616 3
2 23.0997054 -82.35937707 28
3 23.130242 -82.400711 6
4 23.09178275 -82.36450268 3
5 23.06098152 -82.33837474 20
6 23.09676889 -82.37641342 3
7 23.1299646 -82.3949321 22 
8 23.10726337 -82.35574259 28
9 23.1058597 -82.32862986 17
10 23.14043226 -82.38824962 8
11 23.09653669 -82.31232817 13
12 23.1174836 -82.3732865 4
13 23.10918855 -82.365100 29
14 23.11748714 -82.39617152 19
15 23.05289617 -82.3855436 8
16 23.1344282 -82.37000926 19
17 23.08826926 -82.39401771 20
18 23.13455687 -82.3782621 2
19 23.08384766 -82.36432029 20
20 23.05219673 -82.40150213 3
21 23.0610739 -82.39986055 14
22 23.08321255 -82.38627884 22
23 23.09986063 -82.35520992 19
24 23.1059012 -82.374479 19
25 23.08469523 -82.44337438 17
26 23.10584742 -82.38900504 11
27 23.05365979 -82.469018 30
28 23.08459778 -82.38313597 9
29 23.07682199 -82.42241366 7
30 23.11630075 -82.41455376 22
31 23.02501177 -82.37165631 23
32 23.0942613 -82.38224868 11
33 23.14110761 -82.39632544 8
34 23.05925974 -82.39136411 9
35 23.05442133 -82.44896947 13
36 23.11002157 -82.4046929 5
37 23.06647936 -82.29572755 22
38 23.069533 -82.379670 21
39 23.11497162 -82.39454247 10
40 23.08353059 -82.37002535 15
41 23.1090229 -82.4354579 11
42 23.110449 -82.434616 30
43 23.116118 -82.432254 25
44 23.11059409 -82.32244944 30
45 23.11550528 -82.3824638 3
46 23.10402275 -82.29302174 1
47 23.07812516 -82.4322445 15
48 23.10026685 -82.32864568 20
49 23.1249047 -82.37192167 19
37 23.12457206 -82.37310761 4
50 23.10050687 -82.3869711 3
51 23.088336 -82.376814 18
52 23.14409192 -82.39053344 7
53 23.10267676 -82.37463394 17
54 23.041022 -82.27041079 9
55 23.0892678 -82.37035377 5
56 23.05835555 -82.40124358 30
57 23.10079122 -82.36720677 12
58 23.05090173 -82.36758299 29
59 23.09191731 -82.35900567 3
60 23.08163594 -82.3408892 29
61 23.081413 -82.380035 8
62 23.085550 -82.377391 12
63 23.079904 -82.375994 10
64 23.09324573 -82.38341002 6
65 23.14408435 -82.39224298 15
66 23.05824296 -82.47526719 27
67 23.10117298 -82.38342472 18
68 23.11323652 -82.39445452 23
69 23.13796275 -82.39410354 10
70 23.07605523 -82.35195531 20
71 23.113105 -82.38774605 26
72 23.05609319 -82.44239893 21
73 23.08813109 -82.3502977 17
74 23.09911282 -82.33499594 1
75 23.102342 -82.37642164 22
76 23.103999 -82.380927 27
77 23.107669 -82.391363 18
78 23.13944536 -82.37877984 10
79 23.101021 -82.37958345 30
80 23.05175218 -82.46384634 22
81 23.11895489 -82.38540782 4
82 23.10017041 -82.46242477 29
83 23.10396237 -82.41739442 5
84 23.09600671 -82.35196067 9
85 23.06600188 -82.34475089 4
86 23.07195978 -82.46702297 29
87 23.11250983 -82.4145425 4
88 23.08898973 -82.39164127 24
89 23.109759 -82.422786 18
90 23.105173 -82.425729 5
91 23.1120323 -82.40171366 9
92 23.08696648 -82.41543783 10
93 23.1268361 -82.42050721 20
94 23.13314068 -82.40335959 7
95 23.09229348 -82.46357812 23
96 23.05923539 -82.44314442 11
97 23.092726 -82.418222 7
98 23.10932546 -82.38850747 22
99 23.11986761 -82.39657833 21
100 23.10905508 -82.35851161 28
101 23.12334573 -82.37774207 9
102 23.09777323 -82.37572504 17
103 23.05862339 -82.3900607 16
104 23.078378 -82.4310149 9
105 23.079995 -82.435174 29
106 23.077788 -82.431532 30
107 23.061698 -82.34685375 28
108 23.08404999 -82.41951479 2
109 23.13502535 -82.36552192 3
110 23.07995629 -82.37430568 21
111 23.10840364 -82.37567044 14
112 23.1010837 -82.37283907 27
113 23.1032091 -82.4220038 9
114 23.12637822 -82.37137847 2
115 23.0718733 -82.32886762 1
116 23.07013618 -82.46509761 11
117 23.13869287 -82.38035019 25
118 23.06652059 -82.43498381 5
119 23.1374004 -82.36566676 21
120 23.0889502 -82.38449587 9
121 23.08921673 -82.45787574 6
122 23.11708771 -82.37477098 24
123 23.1086091 -82.4210008 15
124 23.12216083 -82.4061675 18
125 23.14214776 -82.37649463 23
126 23.10495646 -82.37286078 14
127 23.11499228 -82.41735128 18
128 23.109777 -82.430711 1
129 23.08400558 -82.38594963 4
130 23.10073062 -82.33918017 3
131 23.099579 -82.447477 29
132 23.10457017 -82.36770666 23
133 23.10216476 -82.38114311 29
134 23.0898008 -82.434158 5
135 23.06332696 -82.43445883 18
136 23.04957535 -82.44774772 2
137 23.11972435 -82.29694765 27
138 23.06562365 -82.4659248 12
139 23.11575125 -82.38840141 19
140 23.098647 -82.430359 18
141 23.13455992 -82.37234635 5
142 23.097401 -82.377560 14
143 23.03901214 -82.37254614 5
144 23.1036612 -82.37239154 2
145 23.06225517 -82.36230303 10
146 23.08241153 -82.37027023 12
147 23.10990254 -82.32449311 29
148 23.11795573 -82.39326138 30
149 23.1059012 -82.374479 26
150 23.03257415 -82.24981142 28
151 23.0431226 -82.35855212 2
152 23.1273874 -82.37711711 29
153 23.08910323 -82.38695009 12
154 23.09751184 -82.4279193 7
155 23.05999024 -82.47485949
156 23.06068619 -82.42794808
157 23.12770409 -82.33139533
158 23.07829085 -82.35324277
